0 0.284314 0.039530 0.014902 0.072507
0 0.271765 0.052279 0.019608 0.066952
0 0.283725 0.102635 0.025490 0.044017
0 0.320882 0.095014 0.030784 0.049573
0 0.330098 0.087464 0.031569 0.055271
0 0.358039 0.146652 0.017255 0.071652
0 0.372549 0.143376 0.017647 0.063390
0 0.403137 0.193305 0.026667 0.056125
0 0.382353 0.224288 0.029020 0.049145
0 0.378824 0.248504 0.024314 0.062251
0 0.400490 0.250855 0.024902 0.040171
0 0.450392 0.194516 0.032157 0.050000
0 0.462843 0.149430 0.028431 0.041880
0 0.441471 0.165242 0.023725 0.057835
0 0.428725 0.167094 0.029216 0.068661
0 0.454804 0.095513 0.029216 0.030627
0 0.419412 0.099145 0.040392 0.052707
0 0.410588 0.072650 0.034510 0.042735
0 0.488137 0.082764 0.029216 0.055271
0 0.535882 0.104558 0.039216 0.044444
0 0.646176 0.153917 0.012353 0.075071
0 0.654804 0.166880 0.014314 0.065670
0 0.665784 0.135185 0.032745 0.055556
0 0.671078 0.189601 0.036275 0.051282
0 0.676765 0.206624 0.041765 0.044017
0 0.687745 0.245228 0.035098 0.058262
0 0.594216 0.264245 0.022549 0.063533
0 0.627745 0.283048 0.033922 0.051852
0 0.684510 0.275071 0.036863 0.048718
0 0.711275 0.271368 0.010784 0.067236
0 0.720098 0.279131 0.011961 0.067379
0 0.698235 0.316239 0.041569 0.035328
0 0.725784 0.162393 0.015882 0.044444
0 0.734118 0.252849 0.043529 0.035328
0 0.752843 0.297507 0.030784 0.055698
0 0.737059 0.283689 0.025490 0.048006
0 0.733529 0.303561 0.018431 0.050427
0 0.796176 0.302849 0.022549 0.058689
0 0.751863 0.352493 0.023333 0.060256
0 0.729902 0.326923 0.027255 0.043020
0 0.735784 0.356695 0.029608 0.047578
0 0.704608 0.345798 0.015882 0.059687
0 0.719608 0.334972 0.020000 0.049430
0 0.681078 0.358974 0.025294 0.042450
0 0.695000 0.346581 0.015882 0.050427
0 0.716765 0.401282 0.024902 0.054131
0 0.735000 0.397365 0.023333 0.044017
0 0.705588 0.402493 0.022157 0.040313
0 0.665196 0.420085 0.020588 0.053561
0 0.835294 0.360541 0.013333 0.055840
0 0.873824 0.383120 0.014706 0.066239
0 0.885490 0.382479 0.018824 0.062108
0 0.936961 0.347792 0.014314 0.069088
0 0.901765 0.394160 0.029804 0.055271
0 0.857647 0.338248 0.025882 0.052564
0 0.852255 0.363889 0.024118 0.054558
0 0.833137 0.320726 0.042745 0.034900
0 0.848922 0.304772 0.028431 0.030912
0 0.878333 0.316595 0.028824 0.032621
0 0.928235 0.302137 0.033333 0.052991
0 0.914510 0.294587 0.020000 0.061538
0 0.927745 0.270299 0.016667 0.049430
0 0.961863 0.285684 0.028824 0.042308
0 0.909902 0.236111 0.024118 0.060826
0 0.891373 0.244801 0.024706 0.063675
0 0.860294 0.276211 0.036667 0.037607
0 0.903824 0.451994 0.011961 0.066097
0 0.938922 0.475783 0.022157 0.052422
0 0.892941 0.488105 0.018824 0.068519
0 0.906373 0.507977 0.028824 0.043875
0 0.911176 0.532407 0.034118 0.059972
0 0.916569 0.541595 0.031569 0.058405
0 0.878627 0.537037 0.014118 0.066382
0 0.888627 0.549501 0.014902 0.062251
0 0.923431 0.567379 0.016275 0.054986
0 0.934216 0.621011 0.029608 0.045726
0 0.872353 0.621296 0.016863 0.054274
0 0.867549 0.580698 0.034706 0.031766
0 0.905882 0.605698 0.053725 0.022507
0 0.770392 0.536610 0.013725 0.073219
0 0.749118 0.567949 0.017843 0.065812
0 0.770490 0.600570 0.021765 0.063533
0 0.720882 0.497650 0.015098 0.069373
0 0.737353 0.500214 0.015490 0.039459
0 0.752157 0.463105 0.031765 0.028775
0 0.793039 0.499644 0.028431 0.034615
0 0.795784 0.455698 0.041373 0.024786
0 0.670000 0.483191 0.021569 0.071225
0 0.638039 0.510399 0.038039 0.025071
0 0.681667 0.514387 0.037451 0.043305
0 0.694804 0.530271 0.036275 0.029202
0 0.710882 0.560541 0.037451 0.037607
0 0.692353 0.565385 0.027843 0.047293
0 0.627647 0.532265 0.041961 0.031766
0 0.617451 0.544516 0.040784 0.022934
0 0.624510 0.568234 0.034118 0.033048
0 0.630098 0.592806 0.028824 0.040313
0 0.609902 0.572436 0.018235 0.045442
0 0.601176 0.581125 0.018431 0.059402
0 0.629314 0.629487 0.017059 0.057265
0 0.616569 0.625142 0.016667 0.040028
0 0.595392 0.619231 0.023333 0.051852
0 0.597451 0.597507 0.020000 0.035185
0 0.581765 0.619088 0.024706 0.053846
0 0.593039 0.667806 0.021373 0.046724
0 0.577647 0.648718 0.012941 0.051567
0 0.591078 0.535470 0.035882 0.032764
0 0.571275 0.507621 0.015490 0.059687
0 0.590686 0.502564 0.036667 0.014245
0 0.594804 0.476852 0.029608 0.035185
0 0.598627 0.460043 0.033333 0.045157
0 0.574118 0.471724 0.025098 0.040598
0 0.554020 0.472222 0.020196 0.037322
0 0.548627 0.457336 0.027451 0.040883
0 0.531078 0.444943 0.018235 0.062821
0 0.522059 0.494444 0.037059 0.023647
0 0.527059 0.508903 0.032941 0.036610
0 0.502941 0.529772 0.012941 0.061538
0 0.509216 0.566311 0.032157 0.036325
0 0.506275 0.590100 0.037255 0.035470
0 0.534902 0.574929 0.033333 0.032479
0 0.535490 0.612393 0.014510 0.060114
0 0.521863 0.616168 0.015882 0.067664
0 0.507647 0.619872 0.025098 0.049430
0 0.481373 0.644872 0.019216 0.052137
0 0.490686 0.650570 0.023333 0.066097
0 0.500980 0.651353 0.025882 0.043447
0 0.511863 0.668875 0.036667 0.036610
0 0.528824 0.342877 0.038039 0.042735
0 0.468627 0.360684 0.025490 0.048718
0 0.497353 0.423006 0.016667 0.069658
0 0.512941 0.439957 0.026275 0.048575
0 0.483333 0.444943 0.021176 0.062251
0 0.444216 0.429772 0.016667 0.052991
0 0.455000 0.490883 0.028824 0.038177
0 0.421765 0.526638 0.030980 0.039886
0 0.426667 0.546296 0.032941 0.034473
0 0.397549 0.570726 0.024902 0.052564
0 0.363627 0.526638 0.024510 0.060684
0 0.311863 0.555271 0.029608 0.050142
0 0.340000 0.512821 0.039216 0.033618
0 0.331471 0.489744 0.023725 0.047009
0 0.353824 0.489957 0.036667 0.019516
0 0.367941 0.474003 0.036667 0.032336
0 0.375000 0.459829 0.028431 0.036752
0 0.372843 0.438604 0.028824 0.047009
0 0.359020 0.431125 0.021176 0.054558
0 0.335784 0.423789 0.016667 0.062108
0 0.328333 0.429416 0.013529 0.063960
0 0.274216 0.410969 0.017059 0.057835
0 0.369804 0.330912 0.015294 0.066382
0 0.357353 0.371724 0.017059 0.059972
0 0.374020 0.387037 0.031961 0.044444
0 0.390000 0.317165 0.033333 0.039459
0 0.384608 0.340385 0.022549 0.057977
0 0.340882 0.307194 0.024902 0.050285
0 0.340882 0.337963 0.016667 0.054843
0 0.319706 0.331695 0.021373 0.064815
0 0.305392 0.360043 0.024118 0.053704
0 0.283431 0.353846 0.024510 0.037607
0 0.291078 0.322792 0.028824 0.046439
0 0.295784 0.313889 0.029216 0.045442
0 0.299902 0.306553 0.028431 0.052137
0 0.322647 0.311111 0.017843 0.067806
0 0.329902 0.309330 0.015882 0.067949
0 0.354902 0.249430 0.030196 0.040456
0 0.368333 0.280413 0.034706 0.031197
0 0.410098 0.259900 0.035882 0.043447
0 0.357941 0.238034 0.031176 0.045869
0 0.414216 0.221296 0.034314 0.029202
0 0.319020 0.207835 0.016078 0.061538
0 0.305490 0.201353 0.010196 0.065954
0 0.294608 0.201425 0.013922 0.067236
0 0.299118 0.254345 0.019804 0.061681
0 0.280980 0.258405 0.030196 0.051852
0 0.268235 0.250499 0.022353 0.056268
0 0.259706 0.253704 0.024510 0.061254
0 0.259412 0.277849 0.029020 0.050855
0 0.196961 0.302350 0.033529 0.042023
0 0.176373 0.319943 0.032745 0.043590
0 0.179216 0.265313 0.039216 0.030342
0 0.197647 0.250000 0.023529 0.066667
0 0.243627 0.210541 0.035490 0.037322
0 0.268824 0.249858 0.019608 0.053561
0 0.281471 0.229274 0.023333 0.055413
0 0.277157 0.204274 0.025294 0.042165
0 0.273235 0.168732 0.020588 0.056553
0 0.284804 0.179986 0.011176 0.063105
0 0.255882 0.148077 0.029804 0.062251
0 0.244118 0.085043 0.029020 0.055840
0 0.227353 0.094088 0.028431 0.048860
0 0.214608 0.160541 0.025294 0.054416
0 0.224902 0.176567 0.032157 0.044017
0 0.198529 0.202635 0.022941 0.036610
0 0.189608 0.157407 0.032941 0.040741
0 0.172059 0.212251 0.023725 0.053561
0 0.304216 0.130057 0.028431 0.033048
0 0.280882 0.141026 0.031569 0.049573
0 0.338824 0.072650 0.032157 0.045584
0 0.340784 0.058547 0.029804 0.045014
0 0.211569 0.065883 0.019608 0.067949
0 0.224216 0.047792 0.031569 0.046581
0 0.229510 0.070228 0.031569 0.048148
0 0.158039 0.118091 0.019608 0.060684
0 0.165980 0.132194 0.017059 0.064672
0 0.187255 0.081766 0.030196 0.038462
0 0.079118 0.084829 0.017451 0.062821
0 0.089314 0.125000 0.015490 0.064530
0 0.099706 0.131125 0.022157 0.062251
0 0.121961 0.107051 0.028627 0.048006
0 0.116569 0.085114 0.020196 0.055128
0 0.111373 0.065242 0.022353 0.048433
0 0.097059 0.075499 0.020000 0.065242
0 0.112647 0.039316 0.030392 0.041311
0 0.143039 0.086895 0.021373 0.047578
0 0.130098 0.043519 0.014314 0.061111
0 0.061863 0.191239 0.024902 0.056838
0 0.037745 0.214245 0.012745 0.058405
0 0.087157 0.235684 0.011961 0.051994
0 0.115196 0.200926 0.017451 0.060826
0 0.125196 0.239459 0.019020 0.058974
0 0.121961 0.282265 0.020000 0.035755
0 0.117647 0.293447 0.026667 0.047293
0 0.115784 0.239744 0.019412 0.060684
0 0.106863 0.229131 0.012157 0.063390
0 0.090098 0.301709 0.014706 0.060969
0 0.101471 0.315670 0.015490 0.072365
0 0.113725 0.320726 0.019608 0.062821
0 0.160196 0.372792 0.025882 0.045869
0 0.147255 0.371652 0.029804 0.040456
0 0.104902 0.356766 0.030980 0.041453
0 0.087941 0.338462 0.020196 0.052137
0 0.065980 0.346083 0.024902 0.044302
0 0.063039 0.322792 0.033137 0.025356
0 0.067451 0.297436 0.034510 0.030769
0 0.026373 0.300142 0.029608 0.040741
0 0.015588 0.301781 0.030000 0.042308
0 0.013039 0.342094 0.025686 0.038319
0 0.019118 0.354060 0.027647 0.041453
0 0.026373 0.358476 0.029608 0.034046
0 0.014020 0.423433 0.026078 0.047721
0 0.101471 0.386823 0.031176 0.043162
0 0.211667 0.407906 0.019804 0.063960
0 0.235294 0.454915 0.016863 0.059117
0 0.222255 0.454701 0.011176 0.061823
0 0.213333 0.455556 0.021569 0.052707
0 0.193235 0.446225 0.032353 0.042593
0 0.098824 0.451496 0.028235 0.036325
0 0.130588 0.466097 0.020784 0.052422
0 0.017255 0.483903 0.027059 0.059259
0 0.050098 0.511966 0.026078 0.063818
0 0.085000 0.541382 0.019412 0.048860
0 0.115784 0.516952 0.019804 0.053846
0 0.132157 0.544017 0.018431 0.062678
0 0.186373 0.554416 0.028039 0.043590
0 0.152353 0.508262 0.040784 0.033333
0 0.132255 0.490100 0.020588 0.045157
0 0.109706 0.483120 0.033922 0.035470
0 0.096863 0.520726 0.018039 0.052279
0 0.105392 0.525427 0.017059 0.066239
0 0.154314 0.581695 0.018039 0.054274
0 0.086667 0.597507 0.027059 0.044302
0 0.195000 0.594302 0.028824 0.043305
0 0.193725 0.622151 0.018431 0.055128
0 0.182941 0.608191 0.011765 0.048575
0 0.172549 0.606980 0.010980 0.047578
0 0.239804 0.631410 0.012941 0.055983
0 0.222157 0.612037 0.028627 0.029202
0 0.243824 0.591952 0.029608 0.056268
0 0.256667 0.590741 0.030196 0.052707
0 0.256176 0.652635 0.022941 0.058832
0 0.278431 0.644729 0.024706 0.043875
0 0.229510 0.646652 0.025294 0.056268
0 0.320490 0.595584 0.028039 0.037322
0 0.825294 0.670655 0.021961 0.064957
0 0.847451 0.708618 0.028627 0.032906
0 0.848627 0.674644 0.036471 0.032479
0 0.855490 0.637393 0.032941 0.034900
0 0.869804 0.664387 0.025882 0.054986
0 0.872745 0.696225 0.025490 0.061681
0 0.883039 0.666880 0.013137 0.069943
0 0.730000 0.691952 0.028235 0.053704
0 0.741176 0.726140 0.036078 0.029487
0 0.707255 0.714744 0.037255 0.033191
0 0.696275 0.767094 0.028235 0.058405
0 0.682843 0.757479 0.015098 0.066239
0 0.667745 0.744587 0.021373 0.061538
0 0.652353 0.764103 0.019608 0.048433
0 0.660686 0.782835 0.040196 0.035470
0 0.776765 0.752350 0.018627 0.041453
0 0.778824 0.777564 0.042745 0.033476
0 0.762843 0.658761 0.040980 0.031766
0 0.847745 0.659473 0.034706 0.031766
0 0.858235 0.759330 0.016471 0.062536
0 0.880588 0.780342 0.022745 0.042450
0 0.810490 0.799715 0.031569 0.047293
0 0.801373 0.831339 0.041569 0.034473
0 0.835588 0.859046 0.032353 0.049430
0 0.678824 0.837536 0.025098 0.053989
0 0.666373 0.830912 0.037843 0.036752
0 0.586667 0.713105 0.034118 0.037892
0 0.559314 0.686610 0.026078 0.057550
0 0.543333 0.700641 0.031373 0.044017
0 0.505980 0.720014 0.018627 0.060256
0 0.491373 0.710755 0.022353 0.066239
0 0.477157 0.706838 0.020588 0.054986
0 0.485392 0.733974 0.015098 0.055698
0 0.493824 0.765100 0.015490 0.052422
0 0.478333 0.756054 0.025686 0.053989
0 0.470392 0.752635 0.027843 0.053989
0 0.393529 0.627635 0.026275 0.046439
0 0.425686 0.609544 0.020392 0.050712
0 0.172647 0.684615 0.015882 0.060399
0 0.295882 0.800783 0.016471 0.061966
0 0.262647 0.822222 0.020196 0.058689
0 0.159510 0.779701 0.023725 0.050285
0 0.102549 0.777208 0.028235 0.054701
0 0.100980 0.821439 0.025098 0.062251
0 0.091471 0.846652 0.015882 0.051709
0 0.172353 0.863533 0.027451 0.052991
0 0.211373 0.880271 0.027843 0.043447
0 0.228922 0.875142 0.029216 0.035755
0 0.262255 0.874430 0.020980 0.039174
0 0.296078 0.874715 0.016863 0.062251
0 0.311078 0.870513 0.020980 0.049003
0 0.321275 0.872792 0.015882 0.042450
0 0.333137 0.879416 0.020392 0.059687
0 0.346078 0.886966 0.025490 0.039744
0 0.351961 0.849929 0.025490 0.045157
0 0.379412 0.874929 0.030196 0.032764
0 0.398824 0.901068 0.027843 0.053989
0 0.383529 0.893803 0.027451 0.032906
0 0.368235 0.850570 0.027843 0.029060
0 0.241961 0.818447 0.034118 0.035755
0 0.239412 0.829843 0.030196 0.036040
0 0.229608 0.839174 0.036078 0.024786
0 0.246961 0.905840 0.032353 0.030484
0 0.227745 0.874644 0.029608 0.032764
0 0.177157 0.933405 0.024902 0.052279
0 0.205000 0.943661 0.026863 0.033191
0 0.211176 0.965883 0.036471 0.041738
0 0.157745 0.969017 0.020980 0.048006
0 0.062941 0.900641 0.032941 0.033191
0 0.070980 0.910684 0.030588 0.036182
0 0.082255 0.877920 0.024118 0.040741
0 0.045784 0.819160 0.035098 0.039744
0 0.072745 0.810969 0.021569 0.057265
0 0.083431 0.812963 0.016275 0.034758
0 0.081373 0.790313 0.018824 0.036467
0 0.558824 0.830556 0.019608 0.059972
0 0.574314 0.824074 0.019608 0.052422
0 0.523725 0.845940 0.030588 0.038319
0 0.496569 0.918020 0.032745 0.055413
0 0.481275 0.931268 0.010392 0.053419
0 0.494314 0.933903 0.024706 0.052707
0 0.555000 0.895940 0.018235 0.062251
0 0.562647 0.878846 0.012745 0.053989
0 0.567353 0.918447 0.018235 0.058262
0 0.567059 0.949145 0.034118 0.038746
0 0.530588 0.971439 0.038824 0.041738
0 0.587353 0.859687 0.024510 0.048148
0 0.585686 0.886040 0.016863 0.064957
0 0.593039 0.912678 0.023333 0.046724
0 0.575000 0.876425 0.009216 0.055128
0 0.700882 0.913034 0.020980 0.056553
0 0.698333 0.943305 0.026863 0.047009
0 0.675980 0.938177 0.015098 0.051282
0 0.660294 0.933761 0.028431 0.054416
0 0.787745 0.888675 0.024118 0.053704
0 0.842255 0.927635 0.021765 0.065242
0 0.855000 0.920157 0.018235 0.051709
0 0.776961 0.965028 0.018235 0.055983
0 0.803039 0.935755 0.035490 0.042450
0 0.821765 0.945869 0.020000 0.057265
