0 0.117941 0.072222 0.023725 0.026211
0 0.124902 0.091524 0.037647 0.015527
0 0.209510 0.096795 0.016275 0.027778
0 0.242549 0.063034 0.019608 0.024644
0 0.253039 0.085399 0.035490 0.014672
0 0.235490 0.104202 0.025882 0.023219
0 0.188137 0.125356 0.035098 0.021652
0 0.155588 0.147934 0.030392 0.024929
0 0.301275 0.123575 0.049216 0.008120
0 0.364804 0.097080 0.020588 0.028063
0 0.339706 0.062963 0.015098 0.032479
0 0.248137 0.168091 0.014314 0.023077
0 0.262843 0.162464 0.018235 0.029772
0 0.206275 0.188604 0.039216 0.015385
0 0.132647 0.196368 0.032353 0.025783
0 0.149412 0.201211 0.018824 0.030627
0 0.133824 0.237963 0.033529 0.018661
0 0.161961 0.236538 0.029020 0.028063
0 0.184608 0.268946 0.026863 0.027635
0 0.198824 0.273077 0.027451 0.029630
0 0.444510 0.077208 0.021176 0.030199
0 0.511176 0.071866 0.019608 0.030057
0 0.537353 0.047009 0.039020 0.007977
0 0.445000 0.116239 0.038627 0.013105
0 0.451667 0.148647 0.015882 0.028917
0 0.524608 0.129701 0.035882 0.015812
0 0.537843 0.158476 0.037255 0.016952
0 0.621275 0.062037 0.026863 0.022650
0 0.599706 0.108262 0.029216 0.025926
0 0.617353 0.118875 0.034706 0.012393
0 0.674706 0.083618 0.040392 0.013390
0 0.650392 0.149786 0.037647 0.016382
0 0.601765 0.134972 0.038824 0.013248
0 0.785882 0.065313 0.029804 0.018376
0 0.750882 0.104772 0.020196 0.031197
0 0.722255 0.114316 0.022157 0.028917
0 0.812745 0.086966 0.030196 0.025783
0 0.836078 0.096154 0.025882 0.024786
0 0.893529 0.109117 0.012941 0.033048
0 0.703235 0.140954 0.037843 0.014957
0 0.821373 0.151282 0.018824 0.025071
0 0.897647 0.174359 0.016863 0.029630
0 0.851667 0.201425 0.010784 0.029630
0 0.772647 0.179558 0.028431 0.019231
0 0.727059 0.193519 0.031765 0.026068
0 0.657941 0.168519 0.044118 0.009117
0 0.692157 0.199288 0.044314 0.015954
0 0.629804 0.201923 0.038824 0.022365
0 0.343529 0.190242 0.037647 0.018946
0 0.394216 0.206766 0.039020 0.012678
0 0.271373 0.242593 0.011765 0.031909
0 0.332843 0.244587 0.014706 0.027350
0 0.292843 0.291667 0.017451 0.030912
0 0.345098 0.294373 0.022353 0.023219
0 0.317157 0.322721 0.041765 0.014957
0 0.197157 0.330484 0.030784 0.020798
0 0.417353 0.277208 0.034314 0.023362
0 0.439216 0.248860 0.043529 0.016524
0 0.483627 0.236467 0.031176 0.015954
0 0.442647 0.278276 0.014314 0.031481
0 0.445490 0.308405 0.027059 0.025926
0 0.450098 0.328846 0.038627 0.016382
0 0.518627 0.323932 0.017647 0.029630
0 0.480196 0.346724 0.038039 0.012251
0 0.558824 0.261610 0.041961 0.010114
0 0.585294 0.273219 0.018431 0.027066
0 0.561471 0.236966 0.022549 0.029202
0 0.585686 0.230840 0.025490 0.029202
0 0.619216 0.242023 0.030196 0.026781
0 0.671569 0.225997 0.037647 0.017236
0 0.721569 0.255912 0.025882 0.027778
0 0.651275 0.271225 0.027647 0.026211
0 0.776961 0.243091 0.046471 0.009259
0 0.843627 0.258903 0.014706 0.033191
0 0.892353 0.232265 0.031765 0.025783
0 0.898529 0.259544 0.045294 0.011111
0 0.908529 0.295584 0.038627 0.016809
0 0.822843 0.293946 0.038627 0.016097
0 0.762647 0.289103 0.023333 0.026638
0 0.700490 0.306481 0.029608 0.022650
0 0.767353 0.330912 0.012745 0.024786
0 0.828529 0.338034 0.039804 0.009687
0 0.669314 0.342450 0.041373 0.007692
0 0.633039 0.358120 0.037843 0.012536
0 0.715196 0.362464 0.037843 0.016952
0 0.820686 0.383120 0.034314 0.019801
0 0.851961 0.387464 0.034510 0.018519
0 0.888922 0.369231 0.011176 0.029630
0 0.956373 0.370014 0.015490 0.030342
0 0.710392 0.402778 0.023922 0.031197
0 0.794608 0.423433 0.040588 0.014672
0 0.498725 0.383689 0.010784 0.030912
0 0.534706 0.395014 0.036078 0.017379
0 0.576765 0.386538 0.042941 0.008974
0 0.412941 0.390100 0.040784 0.009544
0 0.464216 0.379630 0.036275 0.018803
0 0.326373 0.356268 0.025294 0.028490
0 0.362549 0.393162 0.028627 0.028775
0 0.254902 0.357265 0.020000 0.030484
0 0.221569 0.364387 0.023137 0.027635
0 0.156569 0.381624 0.015490 0.028775
0 0.212157 0.399929 0.013333 0.030912
0 0.268627 0.390527 0.012549 0.031197
0 0.290882 0.419373 0.020196 0.030484
0 0.255294 0.430057 0.030196 0.027350
0 0.149706 0.447650 0.028824 0.023789
0 0.165686 0.451923 0.021569 0.027778
0 0.291765 0.463034 0.017647 0.033761
0 0.255392 0.493661 0.033922 0.025783
0 0.200588 0.512892 0.021569 0.026638
0 0.125196 0.521937 0.030784 0.021368
0 0.140882 0.542521 0.022157 0.027208
0 0.236471 0.534402 0.019608 0.030342
0 0.300000 0.518234 0.024314 0.025641
0 0.334608 0.471439 0.034314 0.014672
0 0.372843 0.501923 0.037451 0.015527
0 0.352745 0.532123 0.027059 0.026638
0 0.350196 0.558405 0.019216 0.028490
0 0.284314 0.572365 0.035294 0.022222
0 0.372549 0.438034 0.022353 0.029345
0 0.400490 0.454131 0.010000 0.028490
0 0.443333 0.436040 0.021569 0.031624
0 0.461373 0.418732 0.022745 0.027778
0 0.422647 0.470299 0.037843 0.018661
0 0.431078 0.484330 0.040980 0.012821
0 0.431471 0.511895 0.026471 0.027778
0 0.536863 0.428276 0.010588 0.029202
0 0.604314 0.409687 0.019608 0.031339
0 0.632647 0.407764 0.017059 0.024359
0 0.646275 0.437821 0.020392 0.028917
0 0.576275 0.470370 0.035686 0.015385
0 0.698431 0.430413 0.042353 0.010399
0 0.595000 0.433405 0.041373 0.012963
0 0.488627 0.515812 0.040392 0.008547
0 0.598627 0.495513 0.038824 0.014387
0 0.624216 0.481624 0.041373 0.008832
0 0.686765 0.474858 0.031569 0.018091
0 0.726275 0.496724 0.041961 0.016524
0 0.739608 0.528775 0.021569 0.028490
0 0.660784 0.522436 0.019216 0.026638
0 0.608333 0.514672 0.017843 0.028490
0 0.591373 0.550427 0.042353 0.007692
0 0.444216 0.562322 0.029608 0.026923
0 0.520588 0.572293 0.025882 0.025499
0 0.557745 0.592949 0.011176 0.032906
0 0.652451 0.563960 0.023333 0.027635
0 0.722157 0.583191 0.033333 0.021652
0 0.501373 0.598433 0.016863 0.027350
0 0.456275 0.626282 0.021176 0.030627
0 0.345784 0.589886 0.027255 0.026496
0 0.265294 0.608120 0.034510 0.016239
0 0.265490 0.619373 0.026275 0.025356
0 0.366275 0.630199 0.042353 0.010826
0 0.376078 0.643590 0.040784 0.013960
0 0.415588 0.644943 0.035490 0.012108
0 0.481471 0.646083 0.037843 0.013248
0 0.520784 0.643590 0.028627 0.029915
0 0.581078 0.627991 0.037451 0.013533
0 0.640686 0.620442 0.019020 0.031481
0 0.672255 0.624501 0.008824 0.031909
0 0.722059 0.624074 0.035490 0.018803
0 0.796961 0.445299 0.012745 0.031624
0 0.851373 0.442165 0.027059 0.028490
0 0.815588 0.460043 0.038235 0.020370
0 0.822745 0.476638 0.041569 0.009687
0 0.899020 0.443946 0.043922 0.009829
0 0.844118 0.500997 0.019216 0.029630
0 0.791569 0.508618 0.036471 0.014957
0 0.904118 0.495370 0.036863 0.023219
0 0.804314 0.554772 0.016471 0.030342
0 0.846176 0.545228 0.017451 0.032051
0 0.897647 0.545370 0.031765 0.017806
0 0.849020 0.583120 0.016078 0.030912
0 0.966569 0.574786 0.013922 0.030484
0 0.937745 0.603348 0.024902 0.030342
0 0.883333 0.632764 0.036078 0.019373
0 0.815686 0.653419 0.043529 0.011966
0 0.864706 0.674003 0.031373 0.021510
0 0.940392 0.662464 0.016471 0.026923
0 0.855784 0.689815 0.012745 0.028348
0 0.812353 0.683048 0.032941 0.018234
0 0.715980 0.683689 0.043725 0.010684
0 0.646078 0.697293 0.019216 0.028205
0 0.617157 0.684544 0.011961 0.027493
0 0.575784 0.662108 0.030392 0.023077
0 0.600588 0.720228 0.027059 0.022222
0 0.643137 0.733333 0.013333 0.023077
0 0.613627 0.755199 0.039412 0.007835
0 0.751471 0.734259 0.016667 0.029487
0 0.733431 0.743732 0.013922 0.031624
0 0.448431 0.690385 0.040392 0.015812
0 0.339118 0.665171 0.042549 0.016952
0 0.304902 0.689601 0.043922 0.011111
0 0.243529 0.702991 0.043137 0.011111
0 0.169608 0.613960 0.032941 0.023077
0 0.182059 0.627564 0.028039 0.019801
0 0.090392 0.621296 0.017647 0.026068
0 0.086471 0.683974 0.020000 0.022934
0 0.126863 0.709758 0.036471 0.018376
0 0.181765 0.695157 0.020000 0.027066
0 0.179608 0.733618 0.031765 0.020798
0 0.115980 0.744017 0.026471 0.029345
0 0.144902 0.775855 0.025098 0.029772
0 0.326471 0.712536 0.044706 0.009972
0 0.312157 0.726496 0.044314 0.008832
0 0.348627 0.743091 0.027451 0.026638
0 0.252353 0.746296 0.043529 0.012251
0 0.233137 0.784402 0.036078 0.021510
0 0.168529 0.829915 0.027255 0.023932
0 0.084804 0.831980 0.031961 0.023504
0 0.156471 0.871083 0.031765 0.023077
0 0.216863 0.847934 0.013725 0.026923
0 0.258137 0.820299 0.023333 0.030627
0 0.284608 0.819943 0.034706 0.019088
0 0.320490 0.802635 0.012745 0.030057
0 0.351078 0.788462 0.032353 0.021937
0 0.389118 0.761182 0.012745 0.027208
0 0.450980 0.748860 0.040000 0.008832
0 0.509412 0.754060 0.028627 0.022365
0 0.427647 0.782051 0.032941 0.021083
0 0.389216 0.808191 0.041961 0.012108
0 0.364314 0.822436 0.034510 0.023504
0 0.434314 0.836325 0.039608 0.015670
0 0.380588 0.855484 0.040392 0.007265
0 0.355294 0.862322 0.025098 0.026923
0 0.219706 0.887464 0.038627 0.015954
0 0.239510 0.896368 0.011569 0.031197
0 0.173824 0.918590 0.024118 0.023504
0 0.276569 0.907123 0.010784 0.030484
0 0.284804 0.905912 0.012353 0.032621
0 0.365294 0.909758 0.016471 0.032051
0 0.374020 0.906838 0.017451 0.029630
0 0.440588 0.883689 0.013333 0.033476
0 0.382451 0.936966 0.041765 0.011538
0 0.439216 0.932336 0.032941 0.016239
0 0.542745 0.775071 0.025098 0.026496
0 0.505588 0.814744 0.031961 0.024359
0 0.539510 0.829060 0.027647 0.026211
0 0.611863 0.807123 0.035490 0.016239
0 0.640196 0.777422 0.021176 0.028063
0 0.655784 0.788319 0.015098 0.026211
0 0.680490 0.816595 0.020196 0.029772
0 0.724412 0.777137 0.024118 0.026068
0 0.745882 0.810114 0.019608 0.029060
0 0.779118 0.768875 0.019020 0.028063
0 0.887745 0.733333 0.015882 0.027635
0 0.933039 0.719231 0.039804 0.015954
0 0.920000 0.748860 0.023529 0.028205
0 0.854118 0.760185 0.012157 0.033191
0 0.872549 0.798006 0.038824 0.013105
0 0.921373 0.808476 0.019608 0.030342
0 0.828039 0.816952 0.025098 0.028205
0 0.847843 0.856481 0.033725 0.022934
0 0.867941 0.864957 0.026471 0.026781
0 0.782941 0.839245 0.035294 0.024644
0 0.754706 0.850783 0.042353 0.014672
0 0.773824 0.879202 0.019020 0.025641
0 0.804020 0.873362 0.015882 0.026211
0 0.707941 0.839387 0.019020 0.026638
0 0.643627 0.845869 0.015098 0.031339
0 0.678922 0.848504 0.031961 0.025783
0 0.585392 0.833761 0.044902 0.009402
0 0.554608 0.848575 0.019804 0.027920
0 0.523529 0.854416 0.021176 0.028205
0 0.514902 0.875499 0.041961 0.007407
0 0.570098 0.891524 0.021765 0.026068
0 0.541765 0.909046 0.034510 0.011823
0 0.469706 0.874501 0.023725 0.025356
0 0.477941 0.935114 0.037059 0.018091
0 0.476471 0.970442 0.023137 0.028632
0 0.567647 0.959758 0.036078 0.016952
0 0.607843 0.925783 0.020392 0.029915
0 0.663529 0.891382 0.024314 0.028917
0 0.684902 0.906410 0.021569 0.029630
0 0.644412 0.976852 0.038235 0.010399
0 0.730490 0.940598 0.022941 0.025926
0 0.825882 0.943590 0.035686 0.020798
0 0.856569 0.925641 0.018627 0.028775
0 0.875490 0.961325 0.033725 0.021225
0 0.903431 0.904202 0.017451 0.023789
