0 0.118333 0.073006 0.024902 0.024644
0 0.123922 0.092877 0.034118 0.017379
0 0.136078 0.080840 0.015294 0.032336
0 0.210000 0.097222 0.015294 0.026923
0 0.188039 0.125214 0.033333 0.019373
0 0.155098 0.148932 0.027059 0.022650
0 0.339314 0.062892 0.013922 0.030912
0 0.364314 0.097293 0.019608 0.026781
0 0.281275 0.086752 0.019804 0.024786
0 0.296275 0.081054 0.025098 0.021083
0 0.297059 0.089459 0.029020 0.020228
0 0.262157 0.162607 0.014902 0.028917
0 0.246961 0.167949 0.012745 0.023647
0 0.205980 0.189174 0.039804 0.013675
0 0.132843 0.196510 0.029216 0.024359
0 0.149510 0.201496 0.019020 0.030057
0 0.445098 0.077707 0.014510 0.030057
0 0.511275 0.072934 0.018627 0.028775
0 0.538137 0.047009 0.038235 0.006838
0 0.620196 0.062678 0.027451 0.023077
0 0.445588 0.116168 0.038235 0.011823
0 0.524020 0.130057 0.037451 0.014245
0 0.452157 0.149430 0.016863 0.027920
0 0.751471 0.104274 0.020196 0.030484
0 0.820392 0.090527 0.012157 0.031481
0 0.835882 0.097080 0.023137 0.024359
0 0.639608 0.129274 0.010980 0.027493
0 0.680392 0.136966 0.010196 0.029772
0 0.639216 0.159046 0.032157 0.018946
0 0.659118 0.149501 0.029608 0.020370
0 0.619412 0.175926 0.010196 0.031054
0 0.664118 0.174786 0.023922 0.026781
0 0.538431 0.159330 0.035686 0.017521
0 0.755098 0.164459 0.008627 0.030912
0 0.821667 0.151353 0.016275 0.025499
0 0.688529 0.202350 0.043725 0.015242
0 0.850294 0.202350 0.010000 0.028348
0 0.907255 0.212179 0.037255 0.015527
0 0.726863 0.210541 0.015686 0.028490
0 0.741078 0.223932 0.012745 0.030199
0 0.764216 0.241026 0.015098 0.031909
0 0.779412 0.239459 0.013725 0.025356
0 0.343137 0.190598 0.036078 0.018234
0 0.392451 0.206695 0.039804 0.009687
0 0.484706 0.237821 0.029412 0.016667
0 0.333824 0.245442 0.016667 0.027066
0 0.272353 0.243234 0.014118 0.031197
0 0.136961 0.232194 0.032353 0.018519
0 0.161275 0.236966 0.022157 0.029202
0 0.147255 0.245085 0.037647 0.015242
0 0.184706 0.269088 0.023922 0.027066
0 0.198627 0.273077 0.025882 0.027635
0 0.293824 0.291809 0.017843 0.030057
0 0.345490 0.294444 0.023137 0.022792
0 0.197647 0.330698 0.032157 0.018946
0 0.317451 0.322863 0.041961 0.013248
0 0.440294 0.270584 0.042941 0.016952
0 0.414706 0.281838 0.041961 0.009829
0 0.449118 0.282906 0.019804 0.029060
0 0.558725 0.262607 0.035490 0.016952
0 0.562059 0.237037 0.023333 0.028205
0 0.584902 0.230769 0.024314 0.029060
0 0.624216 0.243519 0.042549 0.009544
0 0.658235 0.267521 0.040000 0.013105
0 0.608529 0.283974 0.037451 0.008974
0 0.700196 0.238034 0.037647 0.016524
0 0.785098 0.254060 0.030196 0.018091
0 0.786176 0.261325 0.033922 0.022650
0 0.760294 0.285755 0.020980 0.030199
0 0.739412 0.293376 0.029020 0.022080
0 0.778824 0.284615 0.041176 0.017664
0 0.757059 0.292094 0.000392 0.000142
0 0.776373 0.299003 0.037451 0.012821
0 0.801275 0.305912 0.038627 0.012393
0 0.813529 0.287821 0.037647 0.013818
0 0.835784 0.289957 0.012745 0.029487
0 0.870882 0.267806 0.032745 0.021083
0 0.896078 0.260541 0.027843 0.027635
0 0.896176 0.271724 0.036275 0.021795
0 0.908529 0.295940 0.036275 0.016382
0 0.767353 0.331197 0.012353 0.025641
0 0.698627 0.322365 0.034902 0.017949
0 0.668725 0.343020 0.041373 0.006553
0 0.632843 0.358333 0.037451 0.012108
0 0.518725 0.324003 0.018235 0.028917
0 0.483627 0.327422 0.040588 0.013818
0 0.326275 0.356766 0.024706 0.028917
0 0.254216 0.357692 0.016275 0.031054
0 0.221765 0.364601 0.020784 0.026923
0 0.268725 0.390883 0.011569 0.030484
0 0.212157 0.400071 0.011373 0.030342
0 0.150490 0.447222 0.026863 0.024074
0 0.276863 0.436182 0.040784 0.016524
0 0.295882 0.463889 0.034510 0.023504
0 0.363627 0.393519 0.026863 0.027493
0 0.413235 0.390171 0.041765 0.009972
0 0.373922 0.438889 0.040392 0.014815
0 0.442647 0.430912 0.033922 0.020228
0 0.439412 0.437108 0.036078 0.021225
0 0.401275 0.454202 0.012353 0.030627
0 0.337647 0.467877 0.036471 0.018946
0 0.333725 0.486895 0.019608 0.024501
0 0.187549 0.512607 0.040588 0.010399
0 0.212353 0.533974 0.038824 0.006980
0 0.807353 0.372863 0.030392 0.023219
0 0.889118 0.369088 0.012353 0.028490
0 0.953824 0.371368 0.015490 0.029630
0 0.794118 0.424074 0.040000 0.014815
0 0.796373 0.445442 0.034314 0.021937
0 0.847451 0.441311 0.033725 0.025926
0 0.899216 0.444516 0.043529 0.010399
0 0.814020 0.460826 0.029216 0.025356
0 0.823137 0.477422 0.040000 0.008974
0 0.844608 0.501211 0.020196 0.030627
0 0.726373 0.497792 0.041373 0.016952
0 0.707451 0.446510 0.041961 0.014103
0 0.632549 0.408476 0.012941 0.025499
0 0.655392 0.441382 0.010784 0.029487
0 0.574608 0.438462 0.036275 0.016524
0 0.601078 0.442236 0.019412 0.026923
0 0.620000 0.454915 0.034118 0.016667
0 0.635882 0.462821 0.030980 0.022792
0 0.625980 0.464957 0.030392 0.022792
0 0.630686 0.478490 0.041373 0.007977
0 0.579412 0.459687 0.012941 0.025641
0 0.597353 0.464459 0.026863 0.021510
0 0.627647 0.491382 0.040784 0.012963
0 0.597451 0.496011 0.041176 0.012251
0 0.608039 0.514815 0.016863 0.028205
0 0.527157 0.479131 0.021765 0.026068
0 0.480882 0.466453 0.036275 0.015527
0 0.427549 0.471368 0.017451 0.031054
0 0.433529 0.485897 0.020000 0.027920
0 0.372353 0.502564 0.037647 0.015670
0 0.352941 0.531909 0.026275 0.025641
0 0.354118 0.560684 0.038824 0.012821
0 0.489020 0.516880 0.039608 0.010684
0 0.308039 0.571510 0.030588 0.023932
0 0.269706 0.595655 0.041373 0.008405
0 0.237843 0.625000 0.025490 0.027493
0 0.189804 0.625356 0.038431 0.009972
0 0.281863 0.634829 0.044902 0.009829
0 0.316176 0.604843 0.033922 0.019373
0 0.379706 0.583761 0.010392 0.032194
0 0.354804 0.615100 0.013922 0.028490
0 0.099020 0.639530 0.031373 0.017521
0 0.268431 0.653276 0.030980 0.015670
0 0.365980 0.631125 0.039412 0.013533
0 0.375784 0.644516 0.038627 0.014957
0 0.338039 0.653846 0.040000 0.011966
0 0.316569 0.670157 0.011569 0.026923
0 0.327843 0.671083 0.014118 0.024786
0 0.350196 0.669516 0.040000 0.017949
0 0.320098 0.695798 0.026863 0.025214
0 0.302745 0.682479 0.033333 0.017949
0 0.280588 0.707407 0.020784 0.031909
0 0.266373 0.716952 0.010392 0.030484
0 0.241667 0.711966 0.026078 0.024786
0 0.239706 0.721795 0.024510 0.027066
0 0.327549 0.712322 0.042157 0.012393
0 0.312843 0.726567 0.042941 0.008974
0 0.348235 0.743590 0.027059 0.025356
0 0.388235 0.761396 0.014118 0.027066
0 0.253627 0.746083 0.043725 0.010114
0 0.351863 0.788604 0.031176 0.020228
0 0.389706 0.808262 0.042549 0.010541
0 0.364216 0.823077 0.020980 0.029915
0 0.320294 0.802778 0.011176 0.031481
0 0.232647 0.784259 0.032745 0.020655
0 0.258725 0.820584 0.023333 0.029202
0 0.284608 0.820798 0.033137 0.019943
0 0.146176 0.777564 0.028431 0.028348
0 0.084510 0.831624 0.030980 0.022792
0 0.169608 0.830057 0.025098 0.023932
0 0.217157 0.848504 0.014314 0.027778
0 0.156863 0.870798 0.030980 0.023362
0 0.220490 0.887536 0.040196 0.015242
0 0.208824 0.901140 0.027059 0.019373
0 0.239510 0.896368 0.010392 0.031766
0 0.355392 0.862322 0.025686 0.025783
0 0.380392 0.856410 0.038431 0.007977
0 0.434412 0.837179 0.042157 0.012536
0 0.445392 0.564174 0.041373 0.018376
0 0.487941 0.572578 0.040980 0.012393
0 0.528725 0.577279 0.033529 0.019516
0 0.599314 0.554274 0.026078 0.026496
0 0.660882 0.523148 0.020196 0.028063
0 0.649510 0.555128 0.029608 0.022792
0 0.667255 0.553632 0.034902 0.023504
0 0.639216 0.577137 0.023137 0.026353
0 0.627745 0.600356 0.028039 0.028632
0 0.580980 0.595869 0.035294 0.019658
0 0.554216 0.593447 0.040588 0.013675
0 0.500098 0.598504 0.016667 0.026923
0 0.456373 0.627279 0.019412 0.030057
0 0.482451 0.646510 0.040196 0.010114
0 0.520098 0.644373 0.044902 0.012393
0 0.580392 0.628989 0.037647 0.013248
0 0.576373 0.661325 0.032745 0.021510
0 0.617745 0.685826 0.013529 0.026353
0 0.449510 0.691239 0.046863 0.008120
0 0.514510 0.737037 0.040000 0.010541
0 0.514216 0.751709 0.024510 0.022222
0 0.543039 0.775570 0.022549 0.026923
0 0.600294 0.720798 0.022157 0.022507
0 0.640392 0.750000 0.023137 0.019088
0 0.637647 0.764459 0.020000 0.026353
0 0.646667 0.780199 0.024314 0.026496
0 0.655980 0.789174 0.027647 0.021937
0 0.695784 0.469088 0.011569 0.029915
0 0.685980 0.475855 0.021373 0.024359
0 0.739314 0.529630 0.033529 0.019943
0 0.752647 0.536966 0.029608 0.021225
0 0.903824 0.495513 0.035882 0.022934
0 0.845980 0.545940 0.017059 0.032621
0 0.803529 0.555769 0.014902 0.030627
0 0.721863 0.582835 0.033922 0.021225
0 0.848725 0.582550 0.015490 0.030912
0 0.898431 0.545655 0.030196 0.018376
0 0.722549 0.624359 0.035294 0.020513
0 0.737059 0.669729 0.014118 0.031197
0 0.815490 0.653490 0.040784 0.011538
0 0.885196 0.632123 0.030392 0.022650
0 0.933431 0.605128 0.023725 0.029630
0 0.940196 0.662678 0.018039 0.026781
0 0.865980 0.675071 0.033922 0.021083
0 0.855882 0.690456 0.015686 0.028205
0 0.811765 0.683333 0.032157 0.018519
0 0.749412 0.734900 0.014118 0.030484
0 0.735588 0.744373 0.017451 0.030057
0 0.719412 0.768590 0.026667 0.023219
0 0.735784 0.767735 0.037059 0.019516
0 0.714412 0.783120 0.041373 0.015527
0 0.715294 0.789316 0.038039 0.014245
0 0.778333 0.769516 0.018235 0.028490
0 0.781569 0.796866 0.046275 0.015385
0 0.854020 0.759687 0.014314 0.034758
0 0.612647 0.807550 0.037059 0.014815
0 0.481078 0.823433 0.041765 0.011823
0 0.519804 0.823789 0.043529 0.011111
0 0.540196 0.829986 0.042353 0.011254
0 0.584706 0.833191 0.039216 0.017664
0 0.553922 0.848789 0.021176 0.028632
0 0.523333 0.855271 0.022353 0.028490
0 0.470098 0.874929 0.024118 0.024786
0 0.440882 0.883832 0.014706 0.034330
0 0.374412 0.907407 0.022941 0.026496
0 0.367255 0.905983 0.024706 0.029915
0 0.353137 0.923219 0.045882 0.008262
0 0.285686 0.907051 0.014902 0.032906
0 0.276275 0.908262 0.013725 0.032194
0 0.438529 0.933333 0.031961 0.016239
0 0.478627 0.935897 0.038039 0.018803
0 0.542059 0.909188 0.035882 0.012108
0 0.569804 0.892236 0.022353 0.026923
0 0.475980 0.971368 0.023725 0.028775
0 0.568039 0.960328 0.034902 0.017236
0 0.607647 0.925997 0.020392 0.030912
0 0.663431 0.892236 0.022941 0.029202
0 0.643431 0.846083 0.016275 0.030627
0 0.678529 0.849501 0.031176 0.026638
0 0.708627 0.840028 0.018824 0.026781
0 0.724510 0.874359 0.036863 0.015100
0 0.685784 0.907906 0.019804 0.029772
0 0.644118 0.976994 0.039216 0.008689
0 0.680294 0.817949 0.020196 0.029060
0 0.928431 0.721368 0.038431 0.015385
0 0.886961 0.733761 0.010784 0.029630
0 0.914314 0.749359 0.029020 0.028063
0 0.872255 0.798219 0.042157 0.013818
0 0.827647 0.817379 0.027059 0.026781
0 0.818039 0.837963 0.022353 0.024074
0 0.921176 0.809188 0.015686 0.031766
0 0.847843 0.857051 0.032941 0.023219
0 0.867745 0.865883 0.027255 0.027208
0 0.900294 0.906197 0.016667 0.024074
0 0.856373 0.925356 0.019020 0.027920
0 0.825980 0.943234 0.046078 0.010684
0 0.870980 0.962892 0.032549 0.021510
