0 0.296765 0.026140 0.030392 0.013818
0 0.280196 0.039744 0.030196 0.013390
0 0.294118 0.049003 0.022745 0.029345
0 0.303039 0.079131 0.013137 0.028917
0 0.328235 0.068519 0.014902 0.031054
0 0.355294 0.073647 0.027451 0.023362
0 0.334510 0.104274 0.012941 0.030199
0 0.281667 0.085969 0.030784 0.022080
0 0.283725 0.125071 0.017255 0.031054
0 0.267745 0.128917 0.035098 0.017379
0 0.251569 0.149858 0.017255 0.032479
0 0.261471 0.165812 0.024902 0.017664
0 0.343725 0.200142 0.014902 0.037892
0 0.330000 0.196937 0.019608 0.032336
0 0.307157 0.209473 0.021373 0.033191
0 0.290784 0.198433 0.018431 0.028490
0 0.284608 0.222151 0.028431 0.023219
0 0.302157 0.149430 0.030196 0.021083
0 0.309902 0.134758 0.028039 0.017664
0 0.331765 0.161752 0.019608 0.034615
0 0.320588 0.160826 0.019608 0.026781
0 0.535980 0.207550 0.029608 0.026781
0 0.368922 0.196724 0.016667 0.031054
0 0.393627 0.218234 0.028039 0.025071
0 0.370784 0.272009 0.028627 0.025499
0 0.308627 0.290100 0.019608 0.029772
0 0.327941 0.266453 0.022549 0.025499
0 0.340196 0.283048 0.020784 0.028490
0 0.311961 0.266667 0.030980 0.022507
0 0.303039 0.182621 0.027255 0.017664
0 0.325000 0.180484 0.034314 0.015954
0 0.328235 0.160897 0.013725 0.036325
0 0.263235 0.184188 0.029608 0.019943
0 0.306275 0.112963 0.020784 0.025071
0 0.231961 0.300926 0.017255 0.037464
0 0.253725 0.315812 0.027451 0.026781
0 0.293529 0.333974 0.023922 0.031197
0 0.405490 0.317521 0.021961 0.032764
0 0.448235 0.328775 0.016078 0.035328
0 0.428137 0.299858 0.029216 0.019088
0 0.407647 0.238319 0.029804 0.021083
0 0.502059 0.326852 0.017843 0.029772
0 0.490196 0.329416 0.017647 0.029772
0 0.470588 0.347578 0.028627 0.015954
0 0.472353 0.330769 0.034510 0.016809
0 0.468137 0.365741 0.019020 0.031481
0 0.488137 0.370655 0.014706 0.036182
0 0.506471 0.370442 0.023137 0.022934
0 0.516961 0.382977 0.023725 0.027208
0 0.592745 0.323647 0.026667 0.025071
0 0.597157 0.306553 0.028431 0.021083
0 0.632843 0.281980 0.013137 0.035755
0 0.645196 0.250000 0.022549 0.031624
0 0.675588 0.334402 0.022549 0.033761
0 0.196078 0.330271 0.030980 0.021225
0 0.195784 0.346083 0.031569 0.021510
0 0.244804 0.338105 0.028431 0.029772
0 0.279314 0.365100 0.022549 0.027635
0 0.286373 0.385114 0.029608 0.020370
0 0.308431 0.365028 0.030980 0.024074
0 0.296176 0.360114 0.029216 0.017664
0 0.228725 0.393519 0.019020 0.035470
0 0.240686 0.363960 0.017843 0.035043
0 0.235000 0.349929 0.030392 0.012963
0 0.230784 0.364387 0.024314 0.025356
0 0.244804 0.381410 0.029608 0.018946
0 0.261471 0.390456 0.020196 0.026781
0 0.256078 0.368234 0.027451 0.015100
0 0.271176 0.382336 0.014902 0.033618
0 0.320588 0.420940 0.027843 0.033333
0 0.195784 0.388960 0.020980 0.028917
0 0.247745 0.422080 0.026078 0.025926
0 0.286373 0.423077 0.030784 0.020228
0 0.253627 0.408262 0.021373 0.025071
0 0.326471 0.455912 0.025490 0.022934
0 0.289706 0.441667 0.030392 0.025499
0 0.256667 0.455271 0.027451 0.031909
0 0.342255 0.465171 0.023725 0.033761
0 0.443824 0.425926 0.016667 0.035328
0 0.604804 0.339815 0.019020 0.030627
0 0.621765 0.352991 0.017255 0.034473
0 0.638725 0.374573 0.017843 0.037179
0 0.661863 0.430912 0.017843 0.039316
0 0.675000 0.370014 0.026078 0.032336
0 0.684216 0.384473 0.031569 0.014815
0 0.730882 0.375214 0.016667 0.036752
0 0.716863 0.346225 0.025490 0.030627
0 0.708333 0.324715 0.023725 0.028063
0 0.725196 0.417236 0.013529 0.032764
0 0.750196 0.372151 0.018431 0.034046
0 0.793235 0.428490 0.013137 0.034473
0 0.803333 0.420940 0.015294 0.037607
0 0.810784 0.431268 0.014902 0.033191
0 0.615294 0.496937 0.019608 0.029772
0 0.551765 0.429986 0.023137 0.030627
0 0.568333 0.454202 0.025686 0.025499
0 0.573725 0.439957 0.029020 0.032336
0 0.507059 0.420085 0.019608 0.031624
0 0.519608 0.453775 0.023137 0.034900
0 0.474216 0.406054 0.015490 0.038034
0 0.489314 0.404558 0.023333 0.031624
0 0.510392 0.443376 0.025098 0.029772
0 0.354706 0.526496 0.027451 0.030199
0 0.311667 0.507051 0.031569 0.024929
0 0.296471 0.493305 0.009412 0.031054
0 0.284314 0.500356 0.019608 0.032336
0 0.289020 0.527991 0.019608 0.029772
0 0.348431 0.554772 0.017255 0.035755
0 0.359510 0.572436 0.014314 0.035755
0 0.374412 0.573718 0.021373 0.028917
0 0.337255 0.589316 0.017255 0.038462
0 0.331275 0.557764 0.030392 0.029772
0 0.346667 0.581125 0.021961 0.026353
0 0.182745 0.529701 0.021961 0.034046
0 0.174020 0.550214 0.016667 0.036325
0 0.144706 0.498006 0.025490 0.036182
0 0.169902 0.478348 0.015490 0.034188
0 0.180980 0.444444 0.018431 0.034473
0 0.184216 0.482265 0.021373 0.029772
0 0.214216 0.507051 0.025686 0.024929
0 0.228137 0.503632 0.015490 0.033761
0 0.243627 0.496724 0.029608 0.025926
0 0.252157 0.521368 0.020784 0.031054
0 0.267059 0.526923 0.017255 0.032764
0 0.261471 0.549430 0.021373 0.029345
0 0.266471 0.582194 0.033725 0.024217
0 0.216569 0.600285 0.028039 0.027635
0 0.225784 0.616880 0.029608 0.027208
0 0.134020 0.617094 0.031569 0.027635
0 0.142941 0.543803 0.014902 0.038889
0 0.154412 0.542664 0.016667 0.031481
0 0.218725 0.578276 0.015490 0.032906
0 0.200588 0.608476 0.023137 0.035470
0 0.191569 0.596225 0.018431 0.028917
0 0.225196 0.558618 0.014314 0.032336
0 0.234412 0.570940 0.017059 0.034473
0 0.217157 0.547436 0.029216 0.023647
0 0.197255 0.553490 0.022745 0.025499
0 0.237353 0.548789 0.028039 0.028063
0 0.532157 0.543376 0.020784 0.038889
0 0.486961 0.564744 0.026863 0.029772
0 0.479510 0.526068 0.022549 0.031909
0 0.478627 0.549359 0.011373 0.032906
0 0.488431 0.528419 0.011765 0.034900
0 0.493137 0.542450 0.030980 0.022507
0 0.445294 0.528205 0.023137 0.029345
0 0.441176 0.487393 0.026667 0.029772
0 0.415588 0.466738 0.031569 0.024644
0 0.478039 0.490171 0.019608 0.029345
0 0.470000 0.496724 0.021569 0.032764
0 0.492647 0.499501 0.016667 0.028917
0 0.498235 0.484402 0.014902 0.033191
0 0.519020 0.487393 0.023137 0.033191
0 0.581961 0.555627 0.020784 0.031481
0 0.615294 0.561467 0.027843 0.020655
0 0.622941 0.583689 0.012549 0.031481
0 0.628039 0.616026 0.021569 0.024644
0 0.579608 0.611752 0.036078 0.022080
0 0.556765 0.613248 0.021373 0.037892
0 0.544216 0.629843 0.017843 0.034900
0 0.530686 0.615812 0.019020 0.033618
0 0.504412 0.650356 0.011961 0.036325
0 0.541863 0.675641 0.019020 0.036752
0 0.560294 0.671083 0.021373 0.033618
0 0.600686 0.639387 0.019020 0.030627
0 0.685392 0.558832 0.030392 0.032764
0 0.726765 0.558832 0.021373 0.027635
0 0.595098 0.530128 0.020784 0.029772
0 0.600098 0.513960 0.017843 0.030199
0 0.703431 0.566453 0.023725 0.025499
0 0.702549 0.588177 0.013725 0.031909
0 0.710098 0.602208 0.023725 0.031481
0 0.702549 0.631980 0.019608 0.031481
0 0.620294 0.681695 0.017843 0.033191
0 0.612941 0.712322 0.021961 0.036610
0 0.575490 0.720940 0.017255 0.038462
0 0.558824 0.724858 0.018431 0.032336
0 0.549706 0.709259 0.020196 0.037607
0 0.530294 0.716239 0.022157 0.038462
0 0.506765 0.602849 0.016667 0.032764
0 0.860000 0.670442 0.020784 0.038319
0 0.879314 0.682123 0.020196 0.039174
0 0.683235 0.664459 0.023725 0.030627
0 0.699608 0.656838 0.029020 0.026781
0 0.659216 0.609188 0.024314 0.023789
0 0.589510 0.786396 0.021373 0.038034
0 0.574020 0.806624 0.029608 0.032906
0 0.549902 0.813390 0.017059 0.044444
0 0.589118 0.877635 0.023333 0.032479
0 0.632843 0.851994 0.026078 0.032764
0 0.634902 0.823291 0.024314 0.034900
0 0.646078 0.829274 0.019608 0.031481
0 0.521667 0.790670 0.023725 0.031197
0 0.501471 0.812037 0.020196 0.039174
0 0.495294 0.840741 0.019608 0.049288
0 0.500000 0.879131 0.020784 0.038034
0 0.487549 0.882194 0.013529 0.037037
0 0.479216 0.883262 0.013725 0.045442
0 0.465490 0.882407 0.018431 0.039174
0 0.478039 0.849573 0.014902 0.039316
0 0.481863 0.837037 0.015490 0.037607
0 0.479510 0.804274 0.019020 0.030769
0 0.479510 0.781410 0.031961 0.030627
0 0.458137 0.811823 0.020196 0.033618
0 0.422745 0.903348 0.026667 0.044017
0 0.382941 0.811182 0.019608 0.046296
0 0.390882 0.793234 0.020196 0.022365
0 0.393922 0.772578 0.014118 0.038034
0 0.401667 0.781410 0.023725 0.028917
0 0.417451 0.792877 0.024314 0.028490
0 0.436765 0.792450 0.019020 0.030199
0 0.293431 0.778561 0.020196 0.040598
0 0.199020 0.890812 0.029804 0.032906
0 0.180392 0.709758 0.021961 0.035755
0 0.240980 0.722436 0.021961 0.038034
0 0.302157 0.731980 0.026667 0.032051
0 0.337255 0.740598 0.021961 0.031909
0 0.266176 0.763034 0.022549 0.033761
0 0.371078 0.919516 0.015882 0.041026
0 0.333922 0.900926 0.023922 0.034046
0 0.349608 0.950356 0.023137 0.042308
0 0.720686 0.886254 0.023725 0.029772
0 0.584902 0.834330 0.024314 0.030199
0 0.612353 0.822009 0.023137 0.032336
0 0.607255 0.828632 0.025098 0.034473
0 0.599216 0.834544 0.020784 0.029772
0 0.478333 0.747293 0.029608 0.029915
0 0.443529 0.702208 0.017255 0.035470
0 0.433725 0.695085 0.014118 0.030627
0 0.392157 0.749074 0.020392 0.026353
0 0.368333 0.783974 0.023725 0.031481
0 0.432255 0.759615 0.012353 0.035470
0 0.445882 0.782692 0.023137 0.028917
0 0.420980 0.760470 0.014902 0.036325
0 0.410588 0.747293 0.010588 0.038462
0 0.418922 0.773362 0.024902 0.031909
0 0.508922 0.486325 0.017059 0.029345
0 0.638431 0.584544 0.014902 0.028917
0 0.490490 0.638533 0.024510 0.023789
0 0.517843 0.628561 0.017255 0.028063
0 0.281078 0.800997 0.022549 0.026781
0 0.327647 0.823932 0.023137 0.028490
0 0.350294 0.826923 0.010000 0.035328
