0 0.240490 0.057194 0.018627 0.031766
0 0.270196 0.069729 0.011373 0.035755
0 0.281078 0.072863 0.020588 0.033476
0 0.297353 0.050997 0.020980 0.020228
0 0.299804 0.072080 0.017647 0.025926
0 0.319020 0.115100 0.014118 0.030484
0 0.332647 0.099929 0.012353 0.033191
0 0.338627 0.083405 0.008235 0.034900
0 0.384412 0.056624 0.010784 0.032336
0 0.393627 0.058547 0.015882 0.028490
0 0.261471 0.132123 0.011961 0.028917
0 0.327353 0.045370 0.017843 0.029772
0 0.457843 0.024074 0.018431 0.029345
0 0.497941 0.055556 0.020196 0.025071
0 0.515196 0.057479 0.013137 0.034046
0 0.527941 0.072365 0.013529 0.030199
0 0.550490 0.078632 0.014706 0.035043
0 0.610000 0.064815 0.018431 0.037607
0 0.522255 0.175926 0.016667 0.031054
0 0.587353 0.188960 0.014706 0.037179
0 0.600980 0.178989 0.014902 0.035470
0 0.585588 0.221083 0.013529 0.035043
0 0.640784 0.199074 0.019608 0.030627
0 0.645882 0.186538 0.015294 0.030627
0 0.754608 0.123932 0.014314 0.039316
0 0.789706 0.180057 0.015490 0.041880
0 0.810490 0.161538 0.016667 0.034188
0 0.797647 0.181125 0.017255 0.036325
0 0.819314 0.186111 0.016667 0.034900
0 0.839902 0.209188 0.011176 0.038034
0 0.840784 0.163675 0.014118 0.032479
0 0.795294 0.107336 0.009020 0.035470
0 0.803922 0.104772 0.016471 0.035470
0 0.819902 0.100000 0.015490 0.031054
0 0.827451 0.109972 0.018431 0.034473
0 0.811373 0.050356 0.014902 0.032906
0 0.846471 0.072792 0.016078 0.034473
0 0.857059 0.062678 0.013725 0.037607
0 0.867255 0.022934 0.014902 0.035897
0 0.464020 0.131481 0.019020 0.032764
0 0.471863 0.175997 0.021373 0.032906
0 0.433235 0.138248 0.017843 0.031481
0 0.430980 0.109972 0.019608 0.033618
0 0.445588 0.087251 0.019020 0.031481
0 0.538922 0.141880 0.010784 0.040456
0 0.517843 0.128063 0.025490 0.029345
0 0.477745 0.080983 0.009608 0.034615
0 0.490784 0.086610 0.016471 0.032764
0 0.495882 0.081909 0.013725 0.026781
0 0.566863 0.102208 0.014118 0.040598
0 0.568333 0.136040 0.017059 0.032479
0 0.590294 0.143162 0.014706 0.033618
0 0.582255 0.112322 0.021373 0.032336
0 0.577843 0.130627 0.020784 0.032764
0 0.416863 0.228846 0.016078 0.040028
0 0.429216 0.241595 0.018431 0.035328
0 0.440588 0.206197 0.016078 0.038889
0 0.452549 0.205556 0.019608 0.035043
0 0.456667 0.225214 0.020784 0.027635
0 0.468725 0.235541 0.017843 0.040598
0 0.479216 0.229701 0.013725 0.035755
0 0.364804 0.158476 0.014314 0.033191
0 0.369608 0.168875 0.012941 0.034046
0 0.400784 0.144658 0.019608 0.029772
0 0.216863 0.172293 0.015294 0.039174
0 0.257255 0.190028 0.028627 0.034188
0 0.281961 0.213960 0.017255 0.037892
0 0.309804 0.237037 0.017255 0.035897
0 0.341078 0.253846 0.016667 0.040171
0 0.355392 0.205556 0.015490 0.032479
0 0.883922 0.186111 0.017255 0.027208
0 0.863922 0.195014 0.016471 0.028490
0 0.851765 0.205698 0.016078 0.028490
0 0.919706 0.118519 0.017843 0.031909
0 0.537941 0.015171 0.014706 0.029202
0 0.526569 0.025855 0.015490 0.032051
0 0.519706 0.015883 0.010000 0.031197
0 0.507745 0.013675 0.023333 0.025356
0 0.427941 0.029345 0.019412 0.031909
0 0.906176 0.053063 0.013529 0.032336
0 0.919020 0.036610 0.013725 0.027350
0 0.930000 0.047009 0.016078 0.022792
0 0.939314 0.089672 0.011961 0.031197
0 0.962353 0.095228 0.018824 0.030342
0 0.979020 0.101068 0.016471 0.027778
0 0.951471 0.122650 0.019412 0.027635
0 0.961569 0.135470 0.011373 0.031624
0 0.967745 0.132692 0.010784 0.036040
0 0.977255 0.131339 0.012549 0.032764
0 0.981961 0.228561 0.016863 0.032906
0 0.993431 0.225641 0.013137 0.031339
0 0.901471 0.255413 0.019020 0.036182
0 0.935882 0.285114 0.018824 0.036325
0 0.886176 0.262037 0.014314 0.031766
0 0.876471 0.260897 0.016078 0.035470
0 0.862255 0.298219 0.018235 0.029202
0 0.937255 0.338675 0.019608 0.033191
0 0.766471 0.333333 0.012157 0.036182
0 0.776471 0.355627 0.013725 0.038319
0 0.811373 0.342877 0.016078 0.030199
0 0.844804 0.326068 0.017059 0.034188
0 0.733627 0.313462 0.016275 0.034900
0 0.756765 0.363034 0.014706 0.030342
0 0.738922 0.350427 0.023725 0.028205
0 0.729510 0.384473 0.015490 0.033333
0 0.794216 0.380484 0.015490 0.039601
0 0.804216 0.382194 0.015098 0.037607
0 0.815392 0.390171 0.015490 0.035043
0 0.849020 0.393162 0.018039 0.035897
0 0.865098 0.380484 0.013333 0.038177
0 0.885490 0.339316 0.012941 0.038177
0 0.985490 0.360684 0.017647 0.028490
0 0.719706 0.274359 0.017843 0.028490
0 0.861765 0.410969 0.013725 0.025356
0 0.869510 0.417664 0.015882 0.028490
0 0.875098 0.437037 0.016471 0.027350
0 0.864608 0.447080 0.015098 0.031197
0 0.882843 0.459544 0.017059 0.027635
0 0.944902 0.456695 0.011765 0.038177
0 0.954412 0.489031 0.019020 0.031054
0 0.804314 0.449288 0.021176 0.029630
0 0.822745 0.459259 0.012157 0.039316
0 0.828039 0.461610 0.011373 0.031197
0 0.834510 0.475000 0.016471 0.036895
0 0.844216 0.468803 0.011569 0.037892
0 0.843922 0.441453 0.018824 0.025356
0 0.852941 0.467806 0.014118 0.032764
0 0.856765 0.484972 0.018627 0.025214
0 0.861765 0.508405 0.011765 0.037037
0 0.910686 0.524573 0.013529 0.036040
0 0.848431 0.517450 0.015686 0.033476
0 0.838627 0.521296 0.014118 0.037464
0 0.831765 0.532906 0.015294 0.039031
0 0.823039 0.516239 0.011569 0.031909
0 0.877451 0.545726 0.016471 0.034758
0 0.759412 0.433191 0.016863 0.038177
0 0.749314 0.463390 0.017843 0.028490
0 0.762549 0.517165 0.012549 0.036610
0 0.794412 0.539103 0.015098 0.038889
0 0.770000 0.549644 0.018824 0.027493
0 0.861373 0.568376 0.012157 0.038177
0 0.870098 0.576353 0.017059 0.036467
0 0.897059 0.582336 0.013725 0.036182
0 0.903235 0.565028 0.019804 0.033761
0 0.954608 0.601923 0.011176 0.035470
0 0.810294 0.579487 0.022549 0.029060
0 0.802549 0.596083 0.010196 0.033476
0 0.794902 0.597721 0.014902 0.038462
0 0.787157 0.599003 0.012353 0.035043
0 0.778529 0.620085 0.011569 0.037037
0 0.841961 0.617379 0.019608 0.032479
0 0.863039 0.614245 0.008039 0.038462
0 0.871667 0.611610 0.013922 0.032336
0 0.901961 0.643732 0.018824 0.033618
0 0.882059 0.648647 0.016275 0.032336
0 0.861471 0.638034 0.014314 0.037322
0 0.843627 0.665100 0.017843 0.039886
0 0.823529 0.655769 0.009804 0.036610
0 0.810588 0.647721 0.018431 0.029630
0 0.797255 0.642165 0.020784 0.030484
0 0.809216 0.664815 0.018039 0.033903
0 0.815392 0.683048 0.015490 0.035897
0 0.826961 0.697222 0.015490 0.038034
0 0.915980 0.690670 0.013137 0.034330
0 0.252255 0.235114 0.017843 0.033191
0 0.176863 0.219231 0.019608 0.031624
0 0.361569 0.250285 0.018039 0.034188
0 0.366961 0.255413 0.011961 0.033048
0 0.375686 0.256268 0.012549 0.039316
0 0.385784 0.239316 0.013922 0.032479
0 0.372255 0.219302 0.022549 0.023789
0 0.390000 0.271724 0.016078 0.030057
0 0.386765 0.263533 0.019020 0.021652
0 0.319216 0.296296 0.015294 0.034473
0 0.332451 0.300712 0.015490 0.030484
0 0.302059 0.295370 0.018235 0.029772
0 0.286961 0.280484 0.018235 0.030769
0 0.260686 0.284117 0.013922 0.038034
0 0.121961 0.317735 0.014902 0.038034
0 0.185980 0.339672 0.017843 0.034330
0 0.179412 0.350142 0.017647 0.033903
0 0.324706 0.359758 0.015294 0.042308
0 0.356961 0.329274 0.017451 0.029772
0 0.363039 0.291738 0.017059 0.030769
0 0.474608 0.311681 0.022549 0.032479
0 0.474314 0.352707 0.012549 0.034473
0 0.488137 0.359900 0.013922 0.034615
0 0.496176 0.357194 0.014314 0.032336
0 0.511275 0.327493 0.012745 0.031339
0 0.540294 0.321724 0.013529 0.034046
0 0.554020 0.332123 0.016275 0.032906
0 0.546961 0.352493 0.011569 0.033191
0 0.557157 0.349217 0.018627 0.028917
0 0.556471 0.365385 0.023137 0.027350
0 0.563333 0.372792 0.023137 0.029630
0 0.634608 0.391809 0.019412 0.036895
0 0.435098 0.314957 0.016863 0.029630
0 0.436373 0.331197 0.019412 0.032764
0 0.442157 0.384829 0.020784 0.023789
0 0.412353 0.408832 0.014902 0.033903
0 0.378431 0.398504 0.012549 0.034330
0 0.337255 0.398718 0.013333 0.038462
0 0.331471 0.340456 0.020588 0.031909
0 0.293627 0.402991 0.013529 0.040171
0 0.270098 0.413034 0.020588 0.034615
0 0.219216 0.400071 0.019608 0.032906
0 0.207549 0.390385 0.016275 0.034330
0 0.225490 0.300427 0.021961 0.027350
0 0.402549 0.444160 0.013333 0.035328
0 0.408235 0.439744 0.012157 0.034188
0 0.429608 0.457835 0.015294 0.032764
0 0.438922 0.460114 0.019020 0.034188
0 0.476765 0.434615 0.011176 0.037322
0 0.482353 0.418661 0.010588 0.031624
0 0.492157 0.441809 0.018431 0.033191
0 0.499804 0.438177 0.016863 0.029630
0 0.505588 0.410826 0.010784 0.036752
0 0.496765 0.404487 0.010000 0.033191
0 0.586569 0.413533 0.020196 0.029630
0 0.657157 0.402920 0.021373 0.026923
0 0.560588 0.485470 0.010588 0.038177
0 0.574118 0.461895 0.018431 0.037749
0 0.590490 0.496581 0.010000 0.037037
0 0.571275 0.504487 0.015882 0.033476
0 0.580392 0.504202 0.014902 0.033761
0 0.598431 0.461254 0.014902 0.031339
0 0.650098 0.479986 0.018627 0.028348
0 0.671569 0.449145 0.016471 0.030769
0 0.318725 0.470085 0.018627 0.030484
0 0.343235 0.499003 0.011176 0.036467
0 0.374706 0.491097 0.014902 0.031766
0 0.418333 0.486111 0.016275 0.030057
0 0.427941 0.522721 0.016275 0.032336
0 0.440098 0.517877 0.016275 0.032906
0 0.484118 0.529416 0.019608 0.032621
0 0.476176 0.490812 0.022549 0.029202
0 0.379902 0.546724 0.012745 0.041311
0 0.465882 0.575427 0.016863 0.031766
0 0.586275 0.537464 0.010588 0.035043
0 0.493039 0.564815 0.012353 0.030484
0 0.263137 0.558405 0.014510 0.038462
0 0.341765 0.557550 0.013725 0.038746
0 0.351863 0.563390 0.012745 0.040456
0 0.351765 0.591026 0.024314 0.026781
0 0.250686 0.510969 0.013922 0.039031
0 0.238725 0.538818 0.015490 0.040028
0 0.230588 0.513319 0.012549 0.038034
0 0.218137 0.482336 0.013137 0.037037
0 0.168922 0.511325 0.015882 0.033476
0 0.169216 0.468803 0.015294 0.032479
0 0.182843 0.472365 0.023333 0.026496
0 0.205882 0.452778 0.012157 0.040598
0 0.223137 0.448362 0.011765 0.039174
0 0.170294 0.370370 0.014314 0.036467
0 0.140490 0.429274 0.013922 0.037464
0 0.127451 0.422151 0.017647 0.036325
0 0.084804 0.444658 0.009608 0.038034
0 0.157059 0.446225 0.015294 0.038034
0 0.180490 0.567521 0.012353 0.040456
0 0.162941 0.582977 0.017647 0.034900
0 0.236667 0.584117 0.012157 0.039744
0 0.212451 0.542023 0.018235 0.035043
0 0.239608 0.616667 0.021176 0.033048
0 0.141471 0.640456 0.013529 0.038462
0 0.261667 0.660684 0.014314 0.038177
0 0.243333 0.646652 0.020000 0.036040
0 0.251961 0.641667 0.020392 0.035470
0 0.338235 0.626638 0.013725 0.039886
0 0.348725 0.650142 0.012745 0.032194
0 0.359020 0.631197 0.014118 0.034758
0 0.355098 0.608547 0.019216 0.031339
0 0.372745 0.622792 0.016471 0.034473
0 0.381471 0.614886 0.014706 0.032906
0 0.415980 0.636610 0.020980 0.032194
0 0.458137 0.611681 0.019804 0.035328
0 0.485294 0.614031 0.013725 0.035755
0 0.491961 0.645014 0.016471 0.028490
0 0.423922 0.709544 0.016863 0.035897
0 0.446961 0.711396 0.016667 0.036182
0 0.744412 0.511966 0.020588 0.029915
0 0.706471 0.526140 0.013725 0.031481
0 0.740392 0.540883 0.018039 0.030769
0 0.750000 0.546652 0.013725 0.032336
0 0.695882 0.575285 0.014902 0.032051
0 0.664314 0.598932 0.014510 0.033761
0 0.646765 0.601567 0.020588 0.032479
0 0.704314 0.634259 0.010588 0.036895
0 0.700392 0.657194 0.013333 0.038034
0 0.690686 0.655698 0.013137 0.039031
0 0.678627 0.660613 0.014510 0.038889
0 0.739804 0.648789 0.020000 0.030342
0 0.751667 0.661111 0.012353 0.035613
0 0.763039 0.678704 0.014706 0.037749
0 0.740098 0.674145 0.016275 0.032051
0 0.752059 0.703205 0.013922 0.044587
0 0.762549 0.735185 0.012549 0.038462
0 0.716471 0.711040 0.012941 0.036895
0 0.723627 0.719373 0.010000 0.037037
0 0.731275 0.718661 0.011569 0.037892
0 0.739804 0.706125 0.012549 0.034473
0 0.733235 0.741097 0.017451 0.028917
0 0.741078 0.749573 0.017451 0.035043
0 0.752353 0.746510 0.013333 0.043447
0 0.799314 0.743590 0.015490 0.038462
0 0.770882 0.789601 0.016275 0.038177
0 0.758039 0.796866 0.014118 0.038462
0 0.748922 0.796937 0.011569 0.039744
0 0.723137 0.769231 0.016471 0.032764
0 0.688824 0.792165 0.018039 0.037607
0 0.798039 0.785328 0.014902 0.035328
0 0.821863 0.792379 0.008431 0.032906
0 0.832353 0.786823 0.018431 0.036325
0 0.856078 0.705627 0.013333 0.033191
0 0.862255 0.720370 0.009608 0.036752
0 0.851667 0.555840 0.009608 0.037607
0 0.472745 0.783262 0.016078 0.040028
0 0.474804 0.851852 0.015098 0.040741
0 0.651863 0.886966 0.015882 0.042308
0 0.690294 0.901709 0.013137 0.045014
0 0.700294 0.884900 0.012353 0.033048
0 0.709020 0.869231 0.013725 0.039316
0 0.739706 0.842379 0.014706 0.034330
0 0.775784 0.850356 0.013922 0.036325
0 0.816667 0.895940 0.016078 0.040598
0 0.855000 0.869160 0.009216 0.037749
0 0.835490 0.889530 0.020784 0.036895
0 0.923529 0.892379 0.015294 0.040028
0 0.838235 0.860185 0.016471 0.036610
0 0.716078 0.965741 0.014902 0.040883
0 0.361569 0.697293 0.015294 0.038177
0 0.370000 0.710043 0.018039 0.038034
0 0.380294 0.718732 0.010000 0.042308
0 0.393235 0.721937 0.011569 0.042165
0 0.415686 0.757194 0.014118 0.040028
0 0.436961 0.741952 0.013137 0.038889
0 0.451471 0.683547 0.024510 0.026923
0 0.405784 0.717450 0.015882 0.031481
0 0.413235 0.715385 0.017451 0.029060
0 0.421373 0.739957 0.020000 0.024929
0 0.368529 0.749074 0.020588 0.027778
0 0.352941 0.756553 0.021961 0.031339
0 0.324510 0.702849 0.015294 0.035613
0 0.333333 0.739744 0.016078 0.033903
0 0.333137 0.765598 0.014118 0.041738
0 0.324118 0.754487 0.013333 0.044587
0 0.305980 0.742949 0.017451 0.038604
0 0.293235 0.755057 0.010000 0.037179
0 0.301667 0.771154 0.012745 0.039744
0 0.314706 0.785470 0.018039 0.035897
0 0.398824 0.807835 0.021961 0.038177
0 0.404804 0.821368 0.017843 0.041595
0 0.303431 0.809188 0.018627 0.037749
0 0.318922 0.830627 0.024902 0.033048
0 0.289804 0.808191 0.012549 0.042593
0 0.303627 0.831909 0.024118 0.023932
0 0.267451 0.803205 0.020784 0.035755
0 0.265490 0.760114 0.011765 0.039601
0 0.259902 0.732194 0.014314 0.042450
0 0.247941 0.747009 0.014706 0.038177
0 0.198431 0.741952 0.012157 0.042593
0 0.205098 0.782336 0.012549 0.041880
0 0.219412 0.791026 0.022353 0.027920
0 0.225784 0.801496 0.022157 0.027778
0 0.246471 0.848433 0.013725 0.042450
0 0.254412 0.865812 0.010392 0.040456
0 0.264608 0.876353 0.014314 0.041880
0 0.311176 0.885399 0.016863 0.033761
0 0.378431 0.875499 0.015686 0.046439
0 0.260098 0.813746 0.020196 0.031481
0 0.176471 0.831624 0.021176 0.039031
0 0.116275 0.784330 0.025098 0.033333
0 0.181078 0.682123 0.015490 0.039174
0 0.166667 0.719801 0.015686 0.040171
0 0.085392 0.732692 0.011569 0.038034
0 0.149510 0.700499 0.019020 0.040028
0 0.183137 0.619943 0.020784 0.026496
0 0.336373 0.981268 0.015490 0.037464
