0 0.203824 0.018162 0.020196 0.034046
0 0.243922 0.059188 0.019608 0.027208
0 0.249216 0.085755 0.019608 0.045869
0 0.261176 0.100000 0.009020 0.056125
0 0.180392 0.130627 0.016078 0.050997
0 0.169902 0.126068 0.021373 0.040171
0 0.212353 0.128704 0.020784 0.039174
0 0.139020 0.155484 0.027451 0.023789
0 0.172941 0.170370 0.027451 0.031909
0 0.190392 0.195442 0.016078 0.032764
0 0.202353 0.225214 0.017255 0.056125
0 0.195784 0.235328 0.012353 0.049573
0 0.169608 0.229701 0.011373 0.047151
0 0.179412 0.215456 0.009412 0.054843
0 0.185196 0.232407 0.015098 0.054843
0 0.081863 0.251567 0.015882 0.041595
0 0.098235 0.261610 0.017255 0.045726
0 0.179804 0.269801 0.020784 0.047578
0 0.207941 0.289886 0.033922 0.027350
0 0.221667 0.284758 0.028824 0.029060
0 0.285196 0.198504 0.029608 0.025783
0 0.282451 0.212179 0.028431 0.026353
0 0.260980 0.161396 0.021961 0.043590
0 0.262843 0.139103 0.032353 0.022080
0 0.281569 0.149929 0.010980 0.058832
0 0.294902 0.122293 0.024314 0.033476
0 0.300000 0.134615 0.024314 0.033048
0 0.284118 0.082479 0.033333 0.019088
0 0.297451 0.058048 0.009020 0.040028
0 0.303922 0.087108 0.009804 0.034615
0 0.336471 0.123575 0.023137 0.035185
0 0.341765 0.100142 0.033333 0.018803
0 0.352647 0.181553 0.010392 0.040313
0 0.373627 0.140670 0.022941 0.027493
0 0.364216 0.115670 0.034314 0.018803
0 0.361275 0.125783 0.033529 0.019658
0 0.359216 0.138390 0.025882 0.011538
0 0.349608 0.149573 0.028235 0.013960
0 0.340980 0.174430 0.018824 0.043162
0 0.322059 0.190385 0.030000 0.021510
0 0.312451 0.172151 0.018235 0.039174
0 0.327745 0.171225 0.023725 0.027066
0 0.331569 0.153063 0.013333 0.036040
0 0.381275 0.090028 0.022549 0.036752
0 0.388922 0.109259 0.010000 0.045584
0 0.397941 0.087322 0.029216 0.012536
0 0.363431 0.040883 0.010000 0.048148
0 0.329020 0.074430 0.019608 0.039459
0 0.319314 0.101852 0.010392 0.048148
0 0.328333 0.056410 0.022549 0.043305
0 0.311863 0.047934 0.009608 0.039174
0 0.312549 0.076994 0.013333 0.028917
0 0.303529 0.048504 0.015294 0.039174
0 0.320588 0.045157 0.007059 0.039601
0 0.313333 0.103063 0.009020 0.044017
0 0.297255 0.089744 0.015294 0.028205
0 0.322941 0.024359 0.024314 0.037607
0 0.429902 0.024145 0.019804 0.026068
0 0.450098 0.039387 0.020980 0.020940
0 0.456961 0.057479 0.023725 0.027208
0 0.500196 0.083262 0.011765 0.055128
0 0.506863 0.125997 0.014118 0.030912
0 0.464412 0.134829 0.015490 0.044587
0 0.440980 0.153989 0.029020 0.015954
0 0.430980 0.178205 0.020784 0.036182
0 0.397353 0.212892 0.018627 0.055698
0 0.418235 0.220798 0.029412 0.015670
0 0.425196 0.197650 0.029216 0.022650
0 0.441176 0.179772 0.017255 0.029915
0 0.462255 0.177493 0.030784 0.027350
0 0.471765 0.185470 0.025098 0.024501
0 0.468725 0.217593 0.022941 0.040883
0 0.497255 0.184758 0.014118 0.029630
0 0.492255 0.163462 0.010784 0.045442
0 0.477941 0.148219 0.017059 0.031197
0 0.476863 0.157621 0.025882 0.034330
0 0.483333 0.124145 0.007059 0.046011
0 0.482843 0.093661 0.024510 0.036040
0 0.474118 0.086681 0.018039 0.032906
0 0.478039 0.066738 0.020784 0.031766
0 0.465588 0.068661 0.023333 0.043590
0 0.400294 0.006980 0.030392 0.013675
0 0.347647 0.014103 0.026275 0.027350
0 0.341078 0.012108 0.028039 0.023932
0 0.505980 0.034544 0.029216 0.028917
0 0.485000 0.027707 0.010392 0.040598
0 0.473137 0.016382 0.024314 0.032479
0 0.529902 0.033689 0.029216 0.022650
0 0.531569 0.052279 0.031765 0.016239
0 0.527157 0.062464 0.027255 0.020370
0 0.551863 0.050000 0.022549 0.043305
0 0.559314 0.085328 0.023725 0.025356
0 0.529804 0.091097 0.028235 0.034615
0 0.546078 0.139601 0.022353 0.019943
0 0.531667 0.174217 0.017059 0.051852
0 0.514314 0.193234 0.033333 0.015242
0 0.505980 0.204772 0.029216 0.011538
0 0.517059 0.213960 0.027059 0.028775
0 0.487255 0.231553 0.025098 0.036610
0 0.579902 0.072151 0.020980 0.047721
0 0.586765 0.077208 0.022941 0.037607
0 0.578431 0.113462 0.027843 0.026068
0 0.568039 0.128205 0.020392 0.036752
0 0.556667 0.122436 0.013725 0.033761
0 0.572451 0.155057 0.024118 0.037464
0 0.591275 0.175997 0.028824 0.026068
0 0.590196 0.150926 0.025490 0.025214
0 0.600294 0.128063 0.018235 0.024786
0 0.605588 0.147578 0.033922 0.029915
0 0.616373 0.129843 0.018627 0.050855
0 0.636373 0.125356 0.017843 0.036467
0 0.610098 0.053917 0.011176 0.046296
0 0.538137 0.012892 0.018235 0.025499
0 0.639608 0.036823 0.025882 0.019516
0 0.638725 0.060043 0.024118 0.044587
0 0.635392 0.079416 0.019020 0.039744
0 0.656471 0.081695 0.012941 0.046011
0 0.702549 0.037892 0.009804 0.046439
0 0.718137 0.057194 0.009608 0.045442
0 0.738431 0.069017 0.013333 0.050285
0 0.750588 0.021225 0.027451 0.022792
0 0.739902 0.120442 0.015490 0.044872
0 0.763627 0.139530 0.035490 0.012108
0 0.711275 0.164672 0.017451 0.047863
0 0.716961 0.175499 0.021373 0.040171
0 0.738431 0.178134 0.030196 0.021795
0 0.676078 0.156838 0.027843 0.013390
0 0.665490 0.172436 0.025882 0.030057
0 0.657941 0.204915 0.031569 0.013533
0 0.631765 0.174858 0.031373 0.020370
0 0.639902 0.168519 0.028431 0.018519
0 0.628431 0.199003 0.031373 0.017094
0 0.628137 0.206838 0.034706 0.014530
0 0.641373 0.220157 0.026275 0.017521
0 0.635980 0.233048 0.027255 0.029345
0 0.574706 0.226567 0.008627 0.049715
0 0.583235 0.219088 0.013529 0.048148
0 0.589020 0.217379 0.013333 0.043305
0 0.600588 0.223148 0.027843 0.021510
0 0.594902 0.236895 0.027451 0.018803
0 0.611961 0.238319 0.025098 0.018803
0 0.601078 0.262179 0.029216 0.030627
0 0.585490 0.258547 0.026275 0.027635
0 0.570490 0.279630 0.029608 0.018234
0 0.666176 0.239886 0.030000 0.017664
0 0.668922 0.257977 0.036275 0.018519
0 0.668725 0.269658 0.034314 0.014530
0 0.660196 0.279487 0.030588 0.018519
0 0.689608 0.257692 0.016863 0.047009
0 0.716961 0.233547 0.023725 0.030912
0 0.720000 0.209259 0.026667 0.023647
0 0.742353 0.221510 0.023922 0.032479
0 0.734804 0.248077 0.029608 0.024929
0 0.759510 0.231410 0.010392 0.043162
0 0.757451 0.262749 0.018824 0.045157
0 0.754902 0.280199 0.023137 0.039316
0 0.746863 0.281695 0.025882 0.035755
0 0.685294 0.015028 0.014510 0.029772
0 0.651863 0.015456 0.011961 0.030627
0 0.799510 0.101994 0.028039 0.017664
0 0.799706 0.056339 0.020980 0.040313
0 0.799510 0.026282 0.025294 0.026068
0 0.834216 0.029202 0.016275 0.043020
0 0.800784 0.140741 0.011373 0.051567
0 0.778922 0.171225 0.029216 0.027066
0 0.792255 0.176709 0.030000 0.019231
0 0.768431 0.194943 0.024314 0.031766
0 0.779118 0.196866 0.028824 0.026211
0 0.783725 0.203348 0.031373 0.029487
0 0.784118 0.224074 0.023137 0.038177
0 0.795784 0.223362 0.022941 0.032479
0 0.795196 0.239245 0.021765 0.040028
0 0.906569 0.170655 0.018235 0.043875
0 0.840000 0.139316 0.014510 0.047293
0 0.812451 0.150997 0.011961 0.038462
0 0.823137 0.166667 0.017647 0.047578
0 0.822059 0.197009 0.014706 0.049288
0 0.831078 0.198362 0.007647 0.048006
0 0.840686 0.223362 0.016667 0.044444
0 0.862549 0.224430 0.013725 0.041168
0 0.887745 0.221154 0.018235 0.035755
0 0.815490 0.096866 0.012941 0.056410
0 0.823333 0.110328 0.009412 0.046296
0 0.834216 0.115385 0.017843 0.043590
0 0.831667 0.092023 0.021373 0.042450
0 0.830196 0.073077 0.024314 0.036752
0 0.817255 0.063248 0.012549 0.043590
0 0.828333 0.049145 0.019804 0.043875
0 0.811667 0.029915 0.011176 0.052707
0 0.822451 0.014103 0.011176 0.027920
0 0.836176 0.007764 0.022941 0.015242
0 0.819608 0.262607 0.025490 0.043732
0 0.801667 0.264245 0.031176 0.014245
0 0.683333 0.291239 0.034902 0.016097
0 0.692745 0.309615 0.032941 0.014672
0 0.612549 0.298860 0.032941 0.014815
0 0.533824 0.288533 0.014706 0.048860
0 0.544510 0.367949 0.020000 0.017379
0 0.492059 0.359330 0.017059 0.044872
0 0.498725 0.362251 0.016275 0.052991
0 0.510686 0.259259 0.022549 0.037037
0 0.615392 0.324003 0.030784 0.018376
0 0.627647 0.351282 0.017255 0.034758
0 0.586765 0.324501 0.031176 0.018803
0 0.591569 0.336752 0.028235 0.019088
0 0.593725 0.352778 0.032157 0.017236
0 0.569216 0.350641 0.013725 0.046296
0 0.589020 0.386111 0.014902 0.045157
0 0.579902 0.391239 0.020980 0.036040
0 0.576373 0.402208 0.023725 0.038604
0 0.574020 0.419801 0.022549 0.033618
0 0.595686 0.401709 0.020000 0.033903
0 0.599902 0.417735 0.022549 0.040313
0 0.604412 0.427066 0.023333 0.042735
0 0.630980 0.387821 0.026275 0.026068
0 0.626373 0.378989 0.023725 0.027208
0 0.653333 0.380698 0.012549 0.031766
0 0.666667 0.370228 0.019216 0.039886
0 0.676961 0.366311 0.009608 0.049145
0 0.667941 0.404416 0.030784 0.027920
0 0.658529 0.397151 0.027255 0.023647
0 0.667059 0.427066 0.028235 0.019658
0 0.659412 0.442593 0.019608 0.042735
0 0.687549 0.419302 0.017451 0.046581
0 0.683431 0.452350 0.030000 0.024929
0 0.452059 0.255057 0.028824 0.019516
0 0.447549 0.272650 0.022549 0.026781
0 0.454804 0.285541 0.022549 0.035470
0 0.457941 0.295157 0.028824 0.037892
0 0.456863 0.314886 0.021569 0.035470
0 0.455784 0.341382 0.013922 0.044302
0 0.445000 0.330342 0.016275 0.043875
0 0.429118 0.263319 0.009608 0.050000
0 0.415490 0.274145 0.018431 0.041168
0 0.416765 0.290670 0.015098 0.023789
0 0.415490 0.313390 0.027451 0.016809
0 0.417941 0.326282 0.029216 0.023504
0 0.398039 0.298860 0.011765 0.039031
0 0.394510 0.248362 0.025490 0.029202
0 0.345588 0.246296 0.022941 0.047293
0 0.374216 0.275783 0.024902 0.032479
0 0.365490 0.279772 0.021569 0.023362
0 0.370196 0.296154 0.031373 0.025071
0 0.356961 0.299145 0.015490 0.034758
0 0.338333 0.299929 0.032353 0.030342
0 0.344314 0.329416 0.025490 0.039744
0 0.328137 0.349929 0.017059 0.048575
0 0.310588 0.330342 0.028627 0.028205
0 0.304902 0.292165 0.033333 0.033618
0 0.318137 0.298575 0.016275 0.047578
0 0.322843 0.261610 0.022549 0.031197
0 0.339804 0.258262 0.025490 0.043305
0 0.334608 0.262179 0.020196 0.030627
0 0.308137 0.241097 0.030392 0.025499
0 0.297745 0.267450 0.022941 0.031481
0 0.277647 0.289245 0.021176 0.040028
0 0.271176 0.279558 0.024314 0.030342
0 0.258235 0.293875 0.018431 0.037607
0 0.244902 0.313675 0.032549 0.017379
0 0.236569 0.332194 0.029216 0.025641
0 0.266176 0.357550 0.010784 0.047863
0 0.264902 0.257977 0.022353 0.047009
0 0.281667 0.259188 0.029216 0.017236
0 0.286275 0.245228 0.026667 0.020940
0 0.292255 0.228846 0.027255 0.019801
0 0.073235 0.318875 0.017843 0.059687
0 0.120294 0.355840 0.022941 0.042735
0 0.167059 0.387607 0.018039 0.051852
0 0.204804 0.367236 0.035098 0.019373
0 0.188824 0.321154 0.012941 0.041738
0 0.200196 0.336111 0.013333 0.053704
0 0.211176 0.344801 0.020000 0.049145
0 0.211275 0.313889 0.028824 0.027208
0 0.219510 0.390812 0.030000 0.031481
0 0.213627 0.403917 0.028431 0.035185
0 0.208725 0.406909 0.022157 0.032051
0 0.216471 0.431909 0.034118 0.022222
0 0.188333 0.423718 0.020588 0.042023
0 0.233333 0.448148 0.019608 0.056410
0 0.241373 0.470655 0.027059 0.032479
0 0.272157 0.401781 0.018039 0.046011
0 0.281765 0.424929 0.011373 0.056695
0 0.298922 0.425071 0.017843 0.055271
0 0.294118 0.378704 0.014118 0.048006
0 0.362353 0.400712 0.031373 0.017379
0 0.387353 0.440598 0.011176 0.038177
0 0.359412 0.430840 0.024706 0.043162
0 0.339608 0.441311 0.019216 0.052422
0 0.344804 0.474217 0.026078 0.033333
0 0.362255 0.452493 0.029608 0.036040
0 0.364608 0.478704 0.022549 0.051425
0 0.353431 0.494801 0.010000 0.044302
0 0.398627 0.502564 0.029412 0.028205
0 0.140098 0.500000 0.035098 0.033333
0 0.188529 0.516738 0.035882 0.020370
0 0.177941 0.534402 0.033922 0.021510
0 0.215882 0.518234 0.032157 0.024501
0 0.208137 0.554202 0.018235 0.053989
0 0.217549 0.549074 0.017843 0.048575
0 0.260196 0.561467 0.027059 0.044302
0 0.282157 0.505556 0.032157 0.024501
0 0.432647 0.377493 0.016667 0.031624
0 0.442255 0.350499 0.014314 0.046581
0 0.450980 0.375285 0.025882 0.022080
0 0.471373 0.388248 0.026667 0.020940
0 0.454608 0.394017 0.029608 0.013105
0 0.453039 0.409117 0.029216 0.019088
0 0.467059 0.409758 0.024706 0.034900
0 0.470196 0.362749 0.030980 0.016667
0 0.474706 0.377991 0.025882 0.016667
0 0.509314 0.435256 0.017451 0.040883
0 0.522451 0.439174 0.022157 0.037322
0 0.491667 0.426567 0.033137 0.016952
0 0.487059 0.437037 0.029804 0.020228
0 0.494314 0.460541 0.030980 0.032194
0 0.534412 0.462179 0.020980 0.039174
0 0.567059 0.451496 0.025882 0.026068
0 0.608235 0.310969 0.034118 0.012536
0 0.662941 0.324288 0.030980 0.027493
0 0.689804 0.324786 0.027843 0.019373
0 0.690686 0.337536 0.029608 0.016382
0 0.713529 0.326425 0.012157 0.042593
0 0.719902 0.307051 0.008824 0.051709
0 0.727157 0.314031 0.008431 0.053134
0 0.734902 0.300855 0.011373 0.052707
0 0.748922 0.333903 0.028431 0.027920
0 0.767157 0.342806 0.029216 0.014387
0 0.790098 0.355271 0.022549 0.032479
0 0.774706 0.367949 0.025882 0.040456
0 0.707353 0.378704 0.029608 0.029202
0 0.723431 0.375783 0.024118 0.033048
0 0.738235 0.380698 0.028627 0.034330
0 0.738039 0.399644 0.030980 0.018091
0 0.738627 0.409972 0.032157 0.022507
0 0.754020 0.423148 0.031176 0.029487
0 0.731373 0.424145 0.031765 0.016382
0 0.774118 0.445370 0.021176 0.041168
0 0.730098 0.437678 0.030000 0.015527
0 0.730490 0.451496 0.027647 0.016952
0 0.813529 0.348575 0.010980 0.047578
0 0.826667 0.331268 0.020392 0.040313
0 0.847059 0.327635 0.033725 0.025641
0 0.835392 0.342236 0.031176 0.022080
0 0.828725 0.370513 0.015490 0.048433
0 0.836275 0.369160 0.012941 0.049430
0 0.844608 0.359687 0.011961 0.038177
0 0.870392 0.337037 0.025490 0.020798
0 0.851863 0.358761 0.015098 0.040598
0 0.855392 0.369160 0.015490 0.044587
0 0.862549 0.387607 0.027843 0.032479
0 0.877941 0.377920 0.022157 0.028775
0 0.875098 0.360541 0.027059 0.015100
0 0.897059 0.376140 0.019608 0.045726
0 0.901961 0.371510 0.015686 0.038177
0 0.876078 0.349359 0.029020 0.017521
0 0.901667 0.405556 0.036275 0.020228
0 0.960588 0.334544 0.023922 0.040313
0 0.854706 0.475855 0.012941 0.046866
0 0.871667 0.473504 0.010392 0.037892
0 0.908824 0.504986 0.020392 0.052422
0 0.671863 0.476567 0.031176 0.017521
0 0.705882 0.476140 0.018431 0.039744
0 0.717157 0.495157 0.031569 0.019373
0 0.705098 0.508262 0.031765 0.025071
0 0.737157 0.466311 0.028431 0.017521
0 0.714608 0.475997 0.020980 0.039459
0 0.721961 0.535256 0.021961 0.035470
0 0.542255 0.199929 0.029216 0.032051
0 0.532353 0.221581 0.024314 0.020940
0 0.556765 0.208689 0.022157 0.021937
0 0.544804 0.230199 0.029216 0.026781
0 0.469118 0.218234 0.026471 0.042735
0 0.555784 0.485897 0.016667 0.052991
0 0.561471 0.467094 0.016667 0.031909
0 0.574510 0.504558 0.012549 0.052707
0 0.581961 0.486752 0.010980 0.052991
0 0.593039 0.473006 0.019804 0.038889
0 0.607843 0.503419 0.028235 0.031909
0 0.611863 0.494658 0.022941 0.034900
0 0.611373 0.485541 0.023922 0.032906
0 0.634118 0.489530 0.026667 0.012963
0 0.635686 0.502635 0.032941 0.011538
0 0.634510 0.510114 0.026667 0.017379
0 0.622255 0.526496 0.028039 0.024501
0 0.628725 0.553917 0.015098 0.058262
0 0.643333 0.540741 0.018431 0.041595
0 0.653529 0.543376 0.012157 0.049430
0 0.692353 0.563034 0.011373 0.044872
0 0.708431 0.540100 0.018431 0.046296
0 0.639608 0.558547 0.018431 0.042735
0 0.641176 0.579416 0.020784 0.055128
0 0.653431 0.590883 0.009608 0.053846
0 0.658333 0.609259 0.018235 0.047009
0 0.668627 0.596937 0.012941 0.036325
0 0.671078 0.569302 0.031176 0.016382
0 0.682941 0.592806 0.009020 0.054274
0 0.714020 0.587322 0.031961 0.028775
0 0.440098 0.458333 0.018235 0.054843
0 0.445980 0.459972 0.015098 0.056410
0 0.457255 0.454843 0.015686 0.047293
0 0.460196 0.472365 0.014118 0.047293
0 0.468922 0.460256 0.008431 0.035897
0 0.473725 0.475285 0.016078 0.045726
0 0.506471 0.491168 0.026667 0.038177
0 0.497745 0.522507 0.028431 0.036182
0 0.465980 0.519017 0.029216 0.035755
0 0.481373 0.544160 0.027059 0.037892
0 0.428824 0.524074 0.014118 0.051852
0 0.395490 0.548291 0.030196 0.016809
0 0.388137 0.564957 0.028824 0.026496
0 0.366863 0.575712 0.032157 0.027208
0 0.360196 0.552707 0.026275 0.035043
0 0.358431 0.536182 0.027451 0.038462
0 0.367255 0.512892 0.012157 0.050000
0 0.373431 0.522578 0.009216 0.055413
0 0.364118 0.477422 0.019216 0.045157
0 0.152549 0.586467 0.018824 0.056695
0 0.157745 0.601425 0.024118 0.047293
0 0.153725 0.633333 0.032157 0.020513
0 0.175294 0.637108 0.025098 0.043447
0 0.188824 0.640812 0.025490 0.040598
0 0.204216 0.632051 0.018627 0.056980
0 0.286176 0.631339 0.031569 0.032479
0 0.276765 0.657265 0.037843 0.029060
0 0.302255 0.652991 0.018627 0.047863
0 0.322255 0.652350 0.023725 0.044302
0 0.331078 0.606054 0.022157 0.031481
0 0.314510 0.590741 0.020000 0.045869
0 0.303725 0.588960 0.017647 0.045157
0 0.289608 0.568305 0.019216 0.052564
0 0.291765 0.537821 0.020392 0.047151
0 0.276373 0.576068 0.011176 0.057550
0 0.161667 0.671795 0.015490 0.052137
0 0.142255 0.678917 0.024118 0.045014
0 0.276961 0.674074 0.030784 0.016524
0 0.320784 0.686610 0.032549 0.023077
0 0.340000 0.669444 0.012549 0.064245
0 0.342745 0.712678 0.027843 0.052137
0 0.336667 0.739815 0.030196 0.036610
0 0.204216 0.738319 0.030392 0.024501
0 0.167059 0.717165 0.033725 0.045157
0 0.160392 0.743946 0.027059 0.036895
0 0.173725 0.751068 0.025490 0.053134
0 0.089510 0.751068 0.015490 0.045157
0 0.141667 0.715100 0.028824 0.027350
0 0.220098 0.756197 0.034706 0.017236
0 0.209804 0.772151 0.037647 0.020085
0 0.548235 0.531339 0.019216 0.048718
0 0.570294 0.544943 0.032353 0.018376
0 0.538824 0.558048 0.025490 0.016667
0 0.553725 0.570584 0.026275 0.036895
0 0.570980 0.571154 0.032157 0.024929
0 0.571961 0.598362 0.016863 0.044587
0 0.527451 0.600214 0.032157 0.020655
0 0.542549 0.608618 0.020392 0.044017
0 0.506176 0.600285 0.028824 0.038177
0 0.515000 0.648362 0.023725 0.050000
0 0.524902 0.662251 0.013333 0.050142
0 0.590686 0.572080 0.015882 0.049573
0 0.608039 0.609330 0.018039 0.054558
0 0.595588 0.615171 0.023725 0.035185
0 0.625588 0.621296 0.025294 0.034900
0 0.589314 0.641738 0.023725 0.038177
0 0.593333 0.677991 0.012549 0.049430
0 0.603235 0.668590 0.015882 0.055413
0 0.633333 0.653917 0.017647 0.046011
0 0.619804 0.654060 0.027059 0.034330
0 0.616569 0.645584 0.024902 0.030484
0 0.654608 0.677422 0.015882 0.058547
0 0.475882 0.665313 0.019608 0.049430
0 0.738039 0.611182 0.008235 0.053419
0 0.758431 0.611040 0.032549 0.030627
0 0.779510 0.651638 0.014706 0.051140
0 0.791078 0.689815 0.030000 0.030627
0 0.794314 0.617165 0.014118 0.050000
0 0.814608 0.626140 0.022157 0.044587
0 0.408824 0.665883 0.034902 0.026353
0 0.434706 0.662607 0.024314 0.026353
0 0.441373 0.669017 0.036863 0.026068
0 0.449804 0.682123 0.025882 0.016382
0 0.402647 0.689530 0.024118 0.037749
0 0.382549 0.693946 0.023529 0.032621
0 0.427353 0.701781 0.029608 0.016952
0 0.310392 0.705271 0.031765 0.034758
0 0.465392 0.684046 0.015490 0.047009
0 0.479314 0.704274 0.030784 0.027920
0 0.491667 0.714530 0.037059 0.017664
0 0.491373 0.729558 0.033333 0.015527
0 0.477451 0.738034 0.033725 0.019088
0 0.326078 0.799501 0.033725 0.045726
0 0.328725 0.830128 0.034314 0.022080
0 0.228627 0.795655 0.027451 0.034900
0 0.228824 0.816097 0.029412 0.027350
0 0.249020 0.822080 0.033333 0.023077
0 0.320392 0.877849 0.023529 0.058832
0 0.310588 0.916952 0.032157 0.024786
0 0.482647 0.860470 0.029216 0.018376
0 0.505196 0.889174 0.012353 0.061254
0 0.382941 0.940670 0.025882 0.024929
0 0.472059 0.801068 0.026471 0.044587
0 0.483824 0.820014 0.016275 0.050285
0 0.507941 0.830983 0.028824 0.045442
0 0.504314 0.791097 0.032549 0.017236
0 0.548431 0.789387 0.024706 0.038319
0 0.550686 0.814601 0.034314 0.016382
0 0.549216 0.753276 0.033725 0.019373
0 0.567549 0.765812 0.028824 0.037607
0 0.525000 0.770869 0.025294 0.024929
0 0.513627 0.729416 0.015098 0.049145
0 0.524608 0.737393 0.024510 0.050570
0 0.527745 0.722721 0.024118 0.040028
0 0.538431 0.723433 0.018039 0.040313
0 0.545294 0.717949 0.014902 0.037892
0 0.508922 0.688034 0.030000 0.033618
0 0.481078 0.705199 0.030000 0.026068
0 0.643529 0.763034 0.021961 0.039459
0 0.658235 0.787749 0.033333 0.014815
0 0.644314 0.834402 0.013725 0.037179
0 0.688627 0.803348 0.032157 0.030342
0 0.685490 0.779701 0.033333 0.016382
0 0.670784 0.747436 0.013333 0.051852
0 0.683529 0.739744 0.021961 0.023647
0 0.654902 0.768091 0.025882 0.033048
0 0.824412 0.855556 0.022549 0.056695
0 0.694510 0.654701 0.026275 0.042735
0 0.695784 0.636182 0.023333 0.047578
0 0.695490 0.617379 0.020000 0.044444
0 0.695196 0.598077 0.015490 0.040598
0 0.677745 0.619516 0.016275 0.058405
0 0.665686 0.630698 0.014510 0.044587
0 0.669412 0.648148 0.008627 0.054416
0 0.852745 0.686040 0.026667 0.018234
0 0.884902 0.694658 0.020000 0.034330
0 0.928039 0.697222 0.021176 0.048575
0 0.850196 0.735399 0.026667 0.031481
0 0.884412 0.781695 0.020980 0.051140
0 0.859608 0.788034 0.017255 0.046439
0 0.724804 0.654487 0.022157 0.050285
0 0.740294 0.674858 0.022157 0.044872
0 0.461765 0.758048 0.032549 0.030057
0 0.535882 0.844943 0.015294 0.045157
0 0.555686 0.858832 0.019216 0.044160
0 0.979706 0.154630 0.010392 0.045157
