0 0.202745 0.017735 0.019216 0.032621
0 0.243824 0.058761 0.018627 0.026353
0 0.249216 0.086254 0.018824 0.043732
0 0.260294 0.097650 0.010000 0.053704
0 0.213235 0.128775 0.024118 0.038462
0 0.181863 0.130057 0.016667 0.048718
0 0.171471 0.125499 0.022549 0.038462
0 0.262451 0.161396 0.024902 0.042450
0 0.280784 0.149430 0.010980 0.058974
0 0.311471 0.171581 0.021373 0.040313
0 0.339510 0.174145 0.016667 0.043162
0 0.354314 0.181695 0.012941 0.040598
0 0.398824 0.212464 0.019216 0.054274
0 0.344608 0.246724 0.025686 0.046439
0 0.266373 0.257194 0.020588 0.046011
0 0.201569 0.225000 0.019216 0.053989
0 0.198431 0.235541 0.013725 0.048860
0 0.184412 0.231980 0.016667 0.054558
0 0.178529 0.213746 0.007647 0.050000
0 0.170980 0.229416 0.011765 0.050000
0 0.179804 0.270798 0.023529 0.047863
0 0.208431 0.288818 0.034510 0.026923
0 0.221961 0.283120 0.032549 0.030627
0 0.256765 0.294729 0.014706 0.038177
0 0.340980 0.257550 0.027059 0.042450
0 0.373922 0.274430 0.026275 0.031481
0 0.406569 0.262892 0.025294 0.040598
0 0.398039 0.299003 0.013333 0.038746
0 0.428922 0.262179 0.015098 0.050570
0 0.415686 0.273433 0.019608 0.039174
0 0.424314 0.235328 0.020784 0.033333
0 0.081961 0.251353 0.021176 0.044872
0 0.099118 0.261752 0.020588 0.045442
0 0.074902 0.319160 0.021176 0.059687
0 0.118137 0.356624 0.022549 0.044302
0 0.188824 0.320655 0.012941 0.043305
0 0.167157 0.386610 0.022941 0.053276
0 0.213235 0.345940 0.023333 0.050855
0 0.264902 0.358048 0.010980 0.050285
0 0.270882 0.402137 0.022157 0.047578
0 0.293627 0.379202 0.016667 0.048718
0 0.327451 0.350499 0.021569 0.048575
0 0.342745 0.327564 0.024706 0.040598
0 0.319510 0.299003 0.015882 0.048433
0 0.310784 0.329630 0.028235 0.029060
0 0.305196 0.291952 0.033922 0.035470
0 0.279216 0.289031 0.019608 0.043590
0 0.269902 0.280271 0.026863 0.030912
0 0.296471 0.265812 0.032157 0.028205
0 0.321863 0.261111 0.022157 0.030769
0 0.337843 0.300570 0.025882 0.029060
0 0.357157 0.300499 0.018235 0.034615
0 0.371471 0.295085 0.028824 0.024929
0 0.454314 0.284046 0.025882 0.033618
0 0.457843 0.296011 0.035294 0.037607
0 0.457059 0.314744 0.021176 0.034046
0 0.443824 0.330413 0.017451 0.045726
0 0.455392 0.341097 0.013922 0.044302
0 0.441373 0.350071 0.017647 0.046866
0 0.490000 0.358689 0.018039 0.046724
0 0.498922 0.362037 0.015882 0.052849
0 0.467451 0.411182 0.023922 0.036895
0 0.296961 0.425997 0.015882 0.057123
0 0.281765 0.424786 0.014510 0.058120
0 0.219706 0.390028 0.030392 0.032479
0 0.214216 0.403134 0.028824 0.034188
0 0.208824 0.406909 0.021176 0.032051
0 0.218235 0.428846 0.040784 0.022650
0 0.188725 0.422863 0.022941 0.044587
0 0.233431 0.446724 0.022941 0.057265
0 0.240882 0.471296 0.028039 0.033761
0 0.295196 0.120798 0.023725 0.033333
0 0.299118 0.133974 0.026863 0.031766
0 0.312647 0.101068 0.010392 0.051425
0 0.319510 0.103775 0.009216 0.054558
0 0.335980 0.123860 0.023725 0.035185
0 0.331863 0.150142 0.017059 0.033903
0 0.380686 0.090598 0.028039 0.038462
0 0.389510 0.106197 0.017059 0.055698
0 0.364608 0.041382 0.010784 0.053989
0 0.322255 0.024359 0.024510 0.037037
0 0.328922 0.056268 0.025294 0.043590
0 0.329804 0.074573 0.020392 0.040883
0 0.310392 0.083048 0.017647 0.039601
0 0.298137 0.058689 0.015490 0.041880
0 0.297451 0.087607 0.019216 0.033618
0 0.283725 0.081695 0.034118 0.020655
0 0.302647 0.047293 0.018627 0.040456
0 0.312647 0.047009 0.010392 0.037892
0 0.320000 0.046225 0.015686 0.040028
0 0.472941 0.017877 0.027059 0.032906
0 0.485588 0.028205 0.013529 0.041026
0 0.503137 0.034402 0.034902 0.030342
0 0.499314 0.082550 0.017451 0.053989
0 0.492451 0.101709 0.014706 0.046724
0 0.482451 0.123647 0.010392 0.043305
0 0.466373 0.135470 0.017451 0.047009
0 0.492941 0.164530 0.012941 0.047009
0 0.497549 0.184900 0.015490 0.028205
0 0.482647 0.195014 0.020980 0.041311
0 0.467843 0.218091 0.026275 0.041880
0 0.430980 0.178561 0.019216 0.039174
0 0.461373 0.177564 0.033333 0.026923
0 0.532549 0.174573 0.018039 0.053134
0 0.541471 0.200356 0.035098 0.030627
0 0.485784 0.232407 0.022941 0.035470
0 0.510588 0.260043 0.025098 0.036040
0 0.482059 0.258832 0.033922 0.025641
0 0.465784 0.068946 0.029608 0.045584
0 0.556078 0.122151 0.012549 0.035470
0 0.571176 0.155057 0.025098 0.039459
0 0.568627 0.129131 0.023529 0.038604
0 0.529412 0.090812 0.028235 0.036325
0 0.553039 0.051282 0.023725 0.038462
0 0.578922 0.071439 0.022941 0.044872
0 0.586765 0.077778 0.021373 0.037607
0 0.611176 0.055057 0.010980 0.044872
0 0.616176 0.130769 0.018235 0.048433
0 0.605588 0.148077 0.033922 0.029202
0 0.589706 0.151211 0.028039 0.025214
0 0.636176 0.124715 0.018235 0.035185
0 0.644216 0.156125 0.030000 0.034188
0 0.650000 0.118803 0.030196 0.037892
0 0.664510 0.132123 0.033333 0.020940
0 0.655784 0.080342 0.015098 0.045869
0 0.646275 0.072009 0.011765 0.049715
0 0.633725 0.078205 0.021569 0.039601
0 0.638333 0.058191 0.023333 0.041453
0 0.668725 0.058974 0.017451 0.042450
0 0.657255 0.049858 0.019608 0.038746
0 0.671667 0.048362 0.018235 0.041738
0 0.575490 0.227350 0.015294 0.052991
0 0.583627 0.220655 0.014314 0.049288
0 0.589902 0.219160 0.016667 0.048291
0 0.545686 0.230199 0.033333 0.031624
0 0.533627 0.288675 0.018235 0.052849
0 0.599706 0.262322 0.030392 0.030912
0 0.586275 0.260185 0.032941 0.030342
0 0.633922 0.234615 0.029412 0.031909
0 0.568627 0.350783 0.015686 0.049715
0 0.703333 0.037821 0.011765 0.045157
0 0.719216 0.056766 0.012549 0.044872
0 0.737059 0.068661 0.012941 0.049858
0 0.751078 0.020655 0.030392 0.019658
0 0.800000 0.054416 0.019608 0.037607
0 0.739706 0.120513 0.015882 0.043590
0 0.711471 0.165028 0.017843 0.047151
0 0.717745 0.175071 0.022157 0.038746
0 0.800588 0.141738 0.013333 0.050997
0 0.812059 0.150000 0.013137 0.037892
0 0.823333 0.167450 0.014510 0.049715
0 0.832059 0.198575 0.009608 0.047578
0 0.822255 0.196724 0.016667 0.049288
0 0.840098 0.138889 0.016275 0.047578
0 0.778235 0.171011 0.030588 0.025783
0 0.769216 0.193376 0.025882 0.031766
0 0.778529 0.196368 0.028431 0.025214
0 0.782941 0.202707 0.032941 0.028205
0 0.802941 0.196724 0.025490 0.032479
0 0.785980 0.223219 0.023333 0.039316
0 0.795196 0.222792 0.023333 0.032479
0 0.793922 0.239744 0.028235 0.039601
0 0.665686 0.171510 0.025490 0.028775
0 0.689118 0.256553 0.016667 0.045584
0 0.716569 0.233476 0.022157 0.028490
0 0.742353 0.223362 0.026275 0.034188
0 0.758039 0.231054 0.018431 0.042450
0 0.757647 0.264031 0.018431 0.044587
0 0.755294 0.280057 0.024706 0.040171
0 0.747647 0.281268 0.025098 0.033761
0 0.735098 0.300641 0.010196 0.051140
0 0.722059 0.307906 0.010000 0.055413
0 0.726765 0.312322 0.010000 0.053419
0 0.749412 0.333832 0.032157 0.026638
0 0.818137 0.262892 0.028431 0.045442
0 0.830392 0.244658 0.015294 0.039744
0 0.838529 0.252066 0.010784 0.046011
0 0.861961 0.224288 0.014118 0.039744
0 0.842745 0.224003 0.018431 0.044017
0 0.906667 0.171439 0.019608 0.045442
0 0.980980 0.154986 0.013725 0.043590
0 0.815000 0.097080 0.014706 0.054558
0 0.822255 0.107906 0.011569 0.046296
0 0.831275 0.112607 0.017059 0.043162
0 0.830196 0.091382 0.018431 0.041168
0 0.817353 0.064601 0.015882 0.041453
0 0.829412 0.071795 0.025882 0.037892
0 0.828725 0.056695 0.015490 0.027066
0 0.888824 0.222009 0.016471 0.037464
0 0.960000 0.334117 0.024314 0.040028
0 0.827255 0.330342 0.020000 0.039031
0 0.813529 0.349288 0.012549 0.046724
0 0.828333 0.370655 0.017843 0.046439
0 0.836667 0.368661 0.014510 0.052137
0 0.844608 0.360328 0.013922 0.040313
0 0.852941 0.359330 0.017255 0.041738
0 0.855882 0.370228 0.021176 0.042450
0 0.861863 0.388248 0.030784 0.032906
0 0.878137 0.379986 0.023333 0.031481
0 0.897451 0.375071 0.019216 0.044160
0 0.902843 0.373148 0.018235 0.039744
0 0.905490 0.405983 0.038039 0.024217
0 0.853824 0.477066 0.015490 0.047009
0 0.871765 0.474074 0.012941 0.037322
0 0.774118 0.445655 0.021176 0.041168
0 0.753235 0.422934 0.029608 0.029630
0 0.686863 0.419516 0.018824 0.048148
0 0.658333 0.443875 0.017451 0.049003
0 0.706863 0.475855 0.020392 0.040313
0 0.714412 0.476140 0.021373 0.036610
0 0.706569 0.377920 0.029608 0.029345
0 0.722843 0.376496 0.022941 0.033618
0 0.736078 0.380983 0.027059 0.034330
0 0.631078 0.387322 0.028824 0.027066
0 0.627451 0.377991 0.027451 0.026923
0 0.653529 0.379558 0.016078 0.030912
0 0.659118 0.397721 0.028431 0.023362
0 0.667941 0.404202 0.031569 0.027208
0 0.677549 0.365954 0.014706 0.047293
0 0.666667 0.370014 0.018431 0.040313
0 0.712941 0.328134 0.014902 0.048575
0 0.578431 0.367094 0.016471 0.042735
0 0.588627 0.385826 0.014118 0.045726
0 0.596176 0.402635 0.020196 0.034615
0 0.598529 0.417877 0.023725 0.040028
0 0.604804 0.427208 0.022941 0.043590
0 0.575784 0.401852 0.021765 0.037322
0 0.572647 0.419658 0.024510 0.033333
0 0.522549 0.439174 0.025490 0.039601
0 0.509020 0.435541 0.020000 0.042023
0 0.532549 0.461182 0.021176 0.039459
0 0.555294 0.485114 0.015686 0.053989
0 0.560686 0.466097 0.016667 0.033048
0 0.574118 0.503632 0.012549 0.053989
0 0.582745 0.485684 0.012549 0.053989
0 0.592745 0.472222 0.019216 0.036752
0 0.606176 0.503846 0.030000 0.032194
0 0.438627 0.458262 0.019608 0.055556
0 0.446569 0.459615 0.018627 0.056268
0 0.456373 0.454630 0.018235 0.046866
0 0.460588 0.471652 0.015686 0.043875
0 0.469510 0.459972 0.015490 0.033903
0 0.474608 0.475356 0.017059 0.047293
0 0.467451 0.519231 0.031373 0.038462
0 0.444902 0.514031 0.014510 0.050000
0 0.428137 0.524074 0.016275 0.051282
0 0.399510 0.503490 0.030392 0.031197
0 0.387745 0.440741 0.010392 0.037322
0 0.360000 0.430627 0.027451 0.042735
0 0.340000 0.442023 0.021569 0.052137
0 0.343922 0.474359 0.027059 0.034758
0 0.353922 0.495370 0.014510 0.046581
0 0.366765 0.512536 0.017451 0.050142
0 0.373333 0.522578 0.013333 0.054843
0 0.358235 0.535114 0.025490 0.036325
0 0.389216 0.517735 0.023529 0.045726
0 0.212549 0.483761 0.028627 0.041595
0 0.246961 0.488533 0.020980 0.034900
0 0.256176 0.492806 0.010784 0.048860
0 0.239510 0.523718 0.015882 0.044017
0 0.213824 0.549786 0.017059 0.048860
0 0.205882 0.552991 0.018039 0.054701
0 0.258431 0.562037 0.027843 0.046011
0 0.292059 0.538889 0.023333 0.050142
0 0.280392 0.505413 0.034118 0.022507
0 0.288235 0.567949 0.019216 0.051852
0 0.277157 0.574929 0.009608 0.056125
0 0.303725 0.589886 0.017647 0.042735
0 0.315490 0.590598 0.020000 0.050997
0 0.367353 0.573291 0.033922 0.030342
0 0.481275 0.544801 0.028039 0.042308
0 0.496078 0.521937 0.028235 0.036182
0 0.508922 0.491738 0.027647 0.036467
0 0.494608 0.460114 0.033922 0.038462
0 0.152059 0.585897 0.021373 0.056695
0 0.157647 0.602066 0.025098 0.050855
0 0.202745 0.632906 0.020784 0.057265
0 0.190196 0.640670 0.024314 0.045157
0 0.175000 0.637892 0.024510 0.042450
0 0.161471 0.672436 0.018235 0.054558
0 0.142549 0.678917 0.025490 0.041595
0 0.286667 0.630627 0.034118 0.033333
0 0.301765 0.654345 0.019608 0.050570
0 0.277157 0.656339 0.037059 0.029772
0 0.321667 0.652279 0.024118 0.047009
0 0.340588 0.670798 0.012157 0.066952
0 0.341078 0.712892 0.027255 0.050570
0 0.309608 0.706766 0.033333 0.039174
0 0.167451 0.717236 0.033725 0.044160
0 0.160588 0.745157 0.030196 0.037607
0 0.173725 0.751923 0.027059 0.054843
0 0.087451 0.750285 0.014510 0.047863
0 0.337745 0.741311 0.028039 0.039031
0 0.383333 0.693162 0.032549 0.032479
0 0.401961 0.689957 0.025490 0.036325
0 0.407647 0.665313 0.034118 0.026923
0 0.463725 0.684402 0.017255 0.045157
0 0.449902 0.712536 0.022941 0.047578
0 0.480392 0.705128 0.037255 0.026781
0 0.476863 0.663889 0.021569 0.050285
0 0.513333 0.647721 0.027843 0.049288
0 0.525686 0.663319 0.019216 0.051994
0 0.508431 0.687607 0.032157 0.032764
0 0.514216 0.728917 0.018627 0.051852
0 0.500000 0.756980 0.017255 0.047863
0 0.491471 0.765670 0.017451 0.051852
0 0.482451 0.768661 0.021373 0.046439
0 0.472843 0.761467 0.030392 0.035185
0 0.460294 0.757479 0.030392 0.030627
0 0.549608 0.530840 0.019608 0.049145
0 0.554902 0.572436 0.028235 0.035755
0 0.541765 0.610043 0.024706 0.045157
0 0.570882 0.598504 0.021373 0.045442
0 0.590098 0.571439 0.017843 0.048575
0 0.606863 0.609473 0.020392 0.054843
0 0.595294 0.615313 0.026667 0.036610
0 0.504804 0.599644 0.030784 0.040028
0 0.527745 0.599501 0.035882 0.020940
0 0.628922 0.554345 0.014706 0.057977
0 0.642059 0.540100 0.020196 0.040883
0 0.655588 0.543875 0.011961 0.050997
0 0.692549 0.563746 0.010196 0.047721
0 0.684118 0.454630 0.033333 0.031197
0 0.722157 0.535826 0.021569 0.036040
0 0.707941 0.540385 0.020980 0.045726
0 0.738431 0.612393 0.012549 0.056410
0 0.757745 0.612393 0.029608 0.030769
0 0.611961 0.481909 0.026667 0.027635
0 0.610392 0.493162 0.025098 0.033618
0 0.570784 0.570726 0.031765 0.026923
0 0.715686 0.587037 0.030588 0.027635
0 0.796373 0.616453 0.016667 0.048860
0 0.815980 0.624501 0.020980 0.043020
0 0.780588 0.651068 0.013333 0.051140
0 0.723627 0.653917 0.024510 0.050285
0 0.741961 0.673433 0.023137 0.045157
0 0.790784 0.691382 0.032941 0.030057
0 0.694020 0.654630 0.028039 0.041453
0 0.696765 0.635114 0.023333 0.042308
0 0.696078 0.618162 0.025490 0.043732
0 0.692353 0.599003 0.018824 0.042450
0 0.677549 0.620299 0.016667 0.056268
0 0.670882 0.648006 0.010000 0.052991
0 0.665196 0.629986 0.016275 0.044302
0 0.652451 0.646795 0.022549 0.042593
0 0.653333 0.677350 0.020000 0.057265
0 0.657941 0.609259 0.020980 0.042735
0 0.668725 0.597222 0.015882 0.036325
0 0.653333 0.588960 0.012549 0.054274
0 0.642255 0.578134 0.022157 0.051994
0 0.625196 0.621154 0.029608 0.034046
0 0.634314 0.654843 0.018039 0.047293
0 0.620980 0.652991 0.030588 0.037607
0 0.618235 0.644516 0.027451 0.030912
0 0.601961 0.668519 0.017647 0.057550
0 0.591863 0.677137 0.016275 0.050570
0 0.590098 0.641524 0.024510 0.039459
0 0.609902 0.610541 0.022549 0.058120
0 0.540196 0.578632 0.025882 0.028775
0 0.545686 0.717379 0.019216 0.038462
0 0.539608 0.724501 0.021961 0.037037
0 0.527451 0.724715 0.026275 0.035470
0 0.523333 0.736966 0.025490 0.051994
0 0.568333 0.765741 0.028824 0.036895
0 0.548137 0.788818 0.027647 0.040598
0 0.436863 0.660684 0.027451 0.023932
0 0.442549 0.668803 0.033333 0.023077
0 0.323922 0.801068 0.038039 0.050570
0 0.319412 0.878205 0.027843 0.061823
0 0.471373 0.800641 0.025882 0.041738
0 0.484020 0.822863 0.015882 0.054843
0 0.506667 0.832479 0.029804 0.047863
0 0.528431 0.855342 0.012941 0.048860
0 0.537157 0.843803 0.014706 0.046296
0 0.553235 0.858262 0.022549 0.047293
0 0.504314 0.888818 0.012549 0.062536
0 0.669314 0.748219 0.017059 0.054558
0 0.644314 0.763960 0.025490 0.042450
0 0.656667 0.768447 0.023529 0.035185
0 0.857549 0.789601 0.018627 0.047009
0 0.885294 0.695726 0.020000 0.035043
0 0.927059 0.698932 0.025098 0.050000
0 0.884216 0.782194 0.018627 0.052137
0 0.909706 0.504202 0.022157 0.058832
0 0.139804 0.499644 0.033333 0.033191
0 0.828039 0.854986 0.039216 0.067806
