0 0.162843 0.163675 0.017059 0.020228
0 0.159412 0.189744 0.018431 0.015954
0 0.281569 0.150499 0.020000 0.013818
0 0.290294 0.156054 0.021765 0.011254
0 0.338431 0.150712 0.020000 0.014245
0 0.356667 0.149145 0.020784 0.013105
0 0.365686 0.146083 0.013725 0.011823
0 0.354804 0.128632 0.027255 0.013390
0 0.346667 0.135043 0.022353 0.010826
0 0.374412 0.137963 0.017059 0.016097
0 0.393627 0.142806 0.014706 0.017236
0 0.404804 0.140741 0.010392 0.023647
0 0.440784 0.147507 0.027843 0.007835
0 0.367353 0.174929 0.030392 0.008832
0 0.392549 0.174145 0.024314 0.010399
0 0.386471 0.163960 0.018039 0.014815
0 0.392549 0.194872 0.014118 0.019088
0 0.401765 0.113675 0.011765 0.015954
0 0.412843 0.120798 0.022941 0.010256
0 0.425882 0.108974 0.011765 0.018803
0 0.406078 0.093946 0.026275 0.011254
0 0.408235 0.086538 0.028627 0.008974
0 0.452255 0.113390 0.020196 0.017379
0 0.299510 0.184687 0.022549 0.015812
0 0.315392 0.179915 0.015098 0.020513
0 0.326078 0.181695 0.019608 0.019516
0 0.326667 0.197222 0.017647 0.016952
0 0.334510 0.200499 0.020000 0.015812
0 0.323333 0.215527 0.015686 0.018519
0 0.318529 0.224145 0.020588 0.014672
0 0.298725 0.200712 0.024118 0.013675
0 0.275098 0.217664 0.024706 0.008832
0 0.228824 0.234188 0.016471 0.018803
0 0.234706 0.236111 0.013725 0.016667
0 0.241373 0.240954 0.020392 0.017806
0 0.215392 0.249501 0.022157 0.016097
0 0.194804 0.245442 0.019020 0.019088
0 0.172451 0.265527 0.016275 0.019088
0 0.253039 0.280556 0.026471 0.012678
0 0.230490 0.282835 0.018627 0.016097
0 0.218529 0.285684 0.010784 0.020085
0 0.327843 0.241595 0.019216 0.019658
0 0.316176 0.248362 0.015098 0.020085
0 0.352059 0.228348 0.022549 0.018803
0 0.357745 0.236396 0.028039 0.011823
0 0.372549 0.208120 0.026667 0.010256
0 0.382549 0.219160 0.013333 0.019801
0 0.422647 0.219160 0.017451 0.017806
0 0.411961 0.240954 0.023922 0.012393
0 0.396471 0.255627 0.020392 0.015242
0 0.403627 0.264031 0.011176 0.020370
0 0.382059 0.285256 0.022549 0.017236
0 0.331078 0.279274 0.017059 0.021225
0 0.311765 0.287821 0.020392 0.021225
0 0.326863 0.304772 0.015294 0.020085
0 0.357941 0.329345 0.029216 0.009117
0 0.374412 0.305413 0.018627 0.018803
0 0.389412 0.310043 0.014510 0.017806
0 0.397745 0.304487 0.017843 0.016952
0 0.433235 0.297650 0.025294 0.014957
0 0.431569 0.276567 0.018824 0.020085
0 0.450784 0.244088 0.027059 0.011538
0 0.451765 0.257123 0.014902 0.018803
0 0.453039 0.237892 0.022549 0.018519
0 0.465784 0.225783 0.017059 0.017379
0 0.483039 0.216026 0.016667 0.021225
0 0.484118 0.202350 0.026275 0.015242
0 0.465294 0.207194 0.012157 0.022365
0 0.446667 0.207336 0.027059 0.008689
0 0.452647 0.216026 0.024118 0.011538
0 0.437843 0.219587 0.013725 0.018091
0 0.471078 0.190954 0.023333 0.010684
0 0.468922 0.180840 0.020980 0.012678
0 0.467451 0.171652 0.014510 0.018234
0 0.472745 0.139387 0.018431 0.015527
0 0.483333 0.141097 0.012941 0.018661
0 0.485196 0.123575 0.012353 0.021225
0 0.503137 0.148362 0.025098 0.010399
0 0.511863 0.156410 0.024118 0.009402
0 0.498922 0.162749 0.023333 0.010684
0 0.494118 0.157479 0.020392 0.010399
0 0.477941 0.155342 0.015490 0.016382
0 0.444314 0.101140 0.025882 0.013390
0 0.445490 0.092735 0.020000 0.014815
0 0.443039 0.282621 0.015882 0.015670
0 0.437941 0.288675 0.017451 0.017236
0 0.530882 0.243305 0.022941 0.017664
0 0.521765 0.279701 0.014118 0.022650
0 0.529314 0.290313 0.023333 0.013960
0 0.562843 0.246724 0.021373 0.009402
0 0.558922 0.292094 0.025686 0.015812
0 0.578529 0.231410 0.022549 0.019801
0 0.582059 0.222365 0.012353 0.019088
0 0.586373 0.205912 0.028039 0.013248
0 0.568824 0.171866 0.016863 0.018661
0 0.467745 0.072792 0.024902 0.013105
0 0.461765 0.078989 0.026275 0.009829
0 0.452941 0.083832 0.023922 0.010684
0 0.490882 0.083405 0.027255 0.008974
0 0.496961 0.068091 0.013922 0.018519
0 0.517157 0.072222 0.020196 0.018803
0 0.512745 0.056838 0.018431 0.014815
0 0.529608 0.085755 0.012941 0.018519
0 0.519902 0.089672 0.014706 0.018946
0 0.529020 0.098006 0.016863 0.015100
0 0.519706 0.106481 0.009608 0.020085
0 0.538235 0.107123 0.012941 0.019373
0 0.574020 0.108048 0.025686 0.009544
0 0.504314 0.130698 0.023922 0.015527
0 0.523529 0.125071 0.021961 0.015100
0 0.497157 0.106054 0.026863 0.009544
0 0.475882 0.102208 0.027059 0.010399
0 0.498431 0.118305 0.019608 0.018091
0 0.509706 0.111823 0.013137 0.019088
0 0.527059 0.111396 0.011765 0.018234
0 0.473137 0.087607 0.025490 0.007977
0 0.457353 0.092521 0.021765 0.014387
0 0.625000 0.088248 0.024118 0.011823
0 0.629804 0.101567 0.026275 0.007977
0 0.632745 0.110613 0.024706 0.007550
0 0.631569 0.126425 0.016863 0.016952
0 0.618529 0.139672 0.021765 0.011823
0 0.599608 0.145157 0.026667 0.010826
0 0.585980 0.159046 0.019020 0.018946
0 0.574804 0.159615 0.009216 0.020940
0 0.579510 0.173006 0.017843 0.014672
0 0.591176 0.171083 0.021569 0.011966
0 0.602843 0.160043 0.016275 0.013248
0 0.608529 0.131125 0.014314 0.017806
0 0.617843 0.129558 0.014510 0.018091
0 0.652549 0.112179 0.024314 0.008689
0 0.675294 0.073718 0.011373 0.018091
0 0.609412 0.051353 0.012941 0.016382
0 0.712647 0.096439 0.015098 0.017949
0 0.709804 0.111111 0.025490 0.012536
0 0.655784 0.122293 0.027255 0.010684
0 0.722647 0.147009 0.027255 0.015954
0 0.784314 0.137678 0.021569 0.016382
0 0.721275 0.174145 0.024902 0.014103
0 0.713529 0.168946 0.010980 0.013960
0 0.715980 0.156339 0.019020 0.013248
0 0.701961 0.162821 0.013725 0.015954
0 0.687745 0.175712 0.017059 0.017236
0 0.686078 0.185399 0.022353 0.012678
0 0.692059 0.197080 0.024902 0.013818
0 0.705588 0.181624 0.022549 0.013105
0 0.701373 0.171652 0.015294 0.010826
0 0.654216 0.267450 0.021765 0.016382
0 0.646765 0.281410 0.018235 0.018376
0 0.634314 0.288462 0.025098 0.012821
0 0.661863 0.313462 0.015490 0.019516
0 0.591176 0.318305 0.016078 0.019801
0 0.570686 0.310826 0.027647 0.008832
0 0.547451 0.314316 0.020392 0.020085
0 0.561471 0.319302 0.024902 0.010114
0 0.570000 0.335541 0.012941 0.018946
0 0.581176 0.325356 0.018824 0.015954
0 0.472157 0.302707 0.026275 0.012821
0 0.499118 0.311467 0.015882 0.018661
0 0.503137 0.318590 0.021569 0.017806
0 0.482549 0.315456 0.022745 0.010684
0 0.471569 0.318590 0.018431 0.011823
0 0.477255 0.324929 0.023137 0.014245
0 0.483235 0.334687 0.026863 0.011254
0 0.446373 0.306410 0.028431 0.009687
0 0.450490 0.315028 0.024118 0.013248
0 0.458235 0.329701 0.018824 0.016382
0 0.461275 0.336823 0.020196 0.010969
0 0.439706 0.333689 0.016275 0.018376
0 0.410980 0.348362 0.014118 0.021795
0 0.404020 0.327920 0.015490 0.019943
0 0.386765 0.327137 0.022549 0.010969
0 0.386176 0.333476 0.023333 0.013105
0 0.385784 0.341952 0.025294 0.008689
0 0.388922 0.349217 0.025686 0.008974
0 0.387745 0.357479 0.023333 0.008974
0 0.351961 0.343875 0.016471 0.018234
0 0.371863 0.360399 0.022157 0.019373
0 0.366373 0.370726 0.024902 0.006410
0 0.366569 0.378063 0.025294 0.008262
0 0.401275 0.380912 0.029608 0.011111
0 0.399902 0.388319 0.028039 0.007407
0 0.401961 0.395655 0.025098 0.008405
0 0.383235 0.401211 0.018235 0.019516
0 0.352157 0.391880 0.026275 0.009402
0 0.359020 0.415385 0.015294 0.020798
0 0.283039 0.335114 0.013922 0.019801
0 0.272647 0.341880 0.016275 0.018519
0 0.243529 0.335684 0.021176 0.014103
0 0.228137 0.329558 0.023333 0.014957
0 0.205098 0.317521 0.025490 0.013675
0 0.210000 0.333405 0.015294 0.019516
0 0.220686 0.339387 0.026471 0.011254
0 0.191863 0.339245 0.018235 0.017521
0 0.196275 0.349786 0.027059 0.008974
0 0.192353 0.357123 0.024706 0.009402
0 0.212941 0.354131 0.019608 0.017664
0 0.233137 0.360470 0.012941 0.020655
0 0.275294 0.366453 0.012941 0.018091
0 0.226667 0.375214 0.023529 0.011111
0 0.222941 0.382692 0.029020 0.009829
0 0.268333 0.384544 0.026471 0.013818
0 0.264118 0.403846 0.024706 0.011111
0 0.302843 0.406125 0.026078 0.013960
0 0.187549 0.407194 0.023333 0.013818
0 0.129706 0.362821 0.013529 0.020798
0 0.100686 0.370798 0.013529 0.021083
0 0.116961 0.374145 0.026471 0.010969
0 0.037353 0.380057 0.023725 0.015385
0 0.093725 0.396368 0.025098 0.015242
0 0.121275 0.399501 0.027647 0.011823
0 0.107451 0.406695 0.025098 0.010541
0 0.093725 0.413818 0.027843 0.010256
0 0.097255 0.425356 0.024706 0.014530
0 0.149216 0.425712 0.028235 0.012678
0 0.159804 0.439459 0.017255 0.018519
0 0.052647 0.449858 0.028431 0.010826
0 0.307647 0.356695 0.022745 0.011111
0 0.305686 0.370442 0.017255 0.017521
0 0.312255 0.373219 0.016275 0.015385
0 0.318235 0.383689 0.020392 0.011823
0 0.314216 0.393447 0.029608 0.008547
0 0.333922 0.368519 0.026275 0.009402
0 0.326078 0.377920 0.018431 0.014530
0 0.289412 0.437108 0.012549 0.018946
0 0.306078 0.436254 0.027059 0.008974
0 0.334510 0.432194 0.028627 0.009972
0 0.333824 0.440812 0.026863 0.008974
0 0.272745 0.440527 0.014902 0.020085
0 0.278137 0.450570 0.024510 0.011681
0 0.269608 0.466311 0.011765 0.021225
0 0.292059 0.461610 0.010392 0.018946
0 0.306863 0.449858 0.022353 0.017949
0 0.337843 0.461325 0.013725 0.020370
0 0.341961 0.476852 0.023137 0.019231
0 0.286863 0.477707 0.024314 0.018376
0 0.253824 0.483547 0.017059 0.022080
0 0.284902 0.492735 0.012157 0.019088
0 0.292255 0.514031 0.023725 0.017521
0 0.394020 0.459900 0.016667 0.018091
0 0.422941 0.430840 0.027059 0.008405
0 0.443137 0.424715 0.012941 0.020655
0 0.452157 0.448860 0.016863 0.020228
0 0.482157 0.441168 0.021961 0.017379
0 0.461961 0.429060 0.027843 0.008832
0 0.466667 0.435897 0.025098 0.011966
0 0.468529 0.420869 0.026078 0.007550
0 0.489510 0.399501 0.024902 0.010969
0 0.483725 0.406838 0.030196 0.008832
0 0.489118 0.414103 0.022941 0.015670
0 0.490588 0.423789 0.018431 0.018803
0 0.506471 0.421581 0.021176 0.014103
0 0.473725 0.356766 0.020392 0.016667
0 0.476373 0.350142 0.023333 0.014815
0 0.490784 0.355128 0.017647 0.018234
0 0.500980 0.377991 0.017647 0.019516
0 0.503627 0.388390 0.020588 0.015242
0 0.519216 0.386610 0.027843 0.012536
0 0.525000 0.395014 0.028824 0.007407
0 0.511667 0.398219 0.028039 0.008689
0 0.521373 0.407336 0.018824 0.016382
0 0.511373 0.408048 0.021569 0.014387
0 0.505392 0.413319 0.024510 0.008974
0 0.515882 0.427778 0.013725 0.018234
0 0.529118 0.420228 0.031176 0.012536
0 0.524706 0.431481 0.012157 0.020228
0 0.535196 0.432692 0.015882 0.018661
0 0.530980 0.444088 0.014510 0.022365
0 0.545098 0.443376 0.014118 0.019516
0 0.552255 0.434758 0.024118 0.014815
0 0.554412 0.423362 0.022157 0.013675
0 0.563039 0.451709 0.024118 0.017379
0 0.508824 0.470085 0.021176 0.019088
0 0.576373 0.489530 0.018235 0.020940
0 0.542255 0.503063 0.015490 0.021225
0 0.534020 0.513319 0.018235 0.018946
0 0.444804 0.509259 0.026471 0.012251
0 0.459314 0.515527 0.012745 0.021368
0 0.435196 0.526425 0.031176 0.010399
0 0.362549 0.523504 0.021961 0.018234
0 0.368431 0.536182 0.019608 0.017094
0 0.383039 0.536111 0.022157 0.013248
0 0.384216 0.549288 0.019020 0.020513
0 0.397941 0.558191 0.025686 0.013818
0 0.414020 0.555627 0.019020 0.017236
0 0.421569 0.567877 0.022353 0.015527
0 0.423725 0.579202 0.026667 0.012536
0 0.384118 0.571724 0.023137 0.016952
0 0.324902 0.549359 0.015294 0.017236
0 0.354510 0.563604 0.027843 0.008974
0 0.360784 0.570370 0.028235 0.008832
0 0.344020 0.579487 0.015098 0.023647
0 0.356961 0.582407 0.021373 0.017806
0 0.283333 0.561823 0.025882 0.009402
0 0.209118 0.537464 0.014314 0.021937
0 0.244804 0.544587 0.028824 0.010256
0 0.190784 0.501923 0.028235 0.010969
0 0.143039 0.538177 0.029216 0.012251
0 0.184510 0.554131 0.024314 0.016239
0 0.185980 0.560684 0.024902 0.015670
0 0.155980 0.564530 0.017451 0.022222
0 0.177059 0.575356 0.023137 0.012821
0 0.186471 0.588248 0.023922 0.013818
0 0.148627 0.581481 0.022745 0.015100
0 0.165980 0.580556 0.017059 0.020370
0 0.078725 0.585613 0.031176 0.013675
0 0.122647 0.583262 0.023333 0.012678
0 0.139118 0.589530 0.011961 0.021795
0 0.163333 0.596439 0.024706 0.011681
0 0.179412 0.604202 0.015686 0.021510
0 0.188529 0.602564 0.013922 0.020513
0 0.205980 0.605840 0.018235 0.020513
0 0.084804 0.609188 0.020196 0.018946
0 0.137647 0.610328 0.015294 0.021225
0 0.137451 0.624145 0.025490 0.013248
0 0.140882 0.634259 0.017451 0.021510
0 0.128725 0.640028 0.013922 0.019658
0 0.155490 0.623575 0.011765 0.022080
0 0.151863 0.611467 0.021765 0.010114
0 0.159510 0.604202 0.026863 0.010969
0 0.164706 0.619729 0.012941 0.022080
0 0.180980 0.615883 0.021961 0.017236
0 0.249118 0.614815 0.026078 0.009972
0 0.215000 0.626781 0.028039 0.011111
0 0.221176 0.636681 0.020000 0.018946
0 0.228725 0.647080 0.012745 0.022080
0 0.256078 0.628063 0.028235 0.014245
0 0.236569 0.625499 0.026863 0.011396
0 0.260588 0.639245 0.024706 0.014672
0 0.310098 0.648006 0.028039 0.011396
0 0.293137 0.628348 0.018039 0.022792
0 0.288333 0.619160 0.024902 0.013818
0 0.283922 0.601923 0.018431 0.024074
0 0.297647 0.598932 0.015686 0.021510
0 0.312843 0.580769 0.020196 0.018803
0 0.323627 0.589174 0.026863 0.010541
0 0.330882 0.607977 0.024118 0.016239
0 0.327353 0.620442 0.026078 0.014672
0 0.328627 0.630556 0.027843 0.012108
0 0.365392 0.666097 0.026078 0.018519
0 0.308529 0.675214 0.018627 0.017664
0 0.314902 0.681553 0.018039 0.020940
0 0.267059 0.669444 0.023922 0.014672
0 0.255784 0.674929 0.021765 0.016239
0 0.190196 0.657977 0.026275 0.013105
0 0.195588 0.673932 0.019804 0.019658
0 0.214216 0.672507 0.030392 0.010826
0 0.179804 0.679986 0.022353 0.020940
0 0.185882 0.675214 0.018824 0.017949
0 0.198039 0.685755 0.029020 0.008262
0 0.185588 0.698860 0.030000 0.012536
0 0.179804 0.708903 0.029804 0.008689
0 0.210294 0.703632 0.019412 0.018091
0 0.241078 0.710613 0.030392 0.012678
0 0.229216 0.717949 0.028627 0.008262
0 0.106078 0.652208 0.019216 0.020655
0 0.123529 0.660256 0.021961 0.014815
0 0.121961 0.667379 0.024314 0.011681
0 0.106961 0.673932 0.019412 0.015385
0 0.092843 0.668732 0.026863 0.007835
0 0.093431 0.656197 0.022549 0.016952
0 0.090686 0.694160 0.014706 0.023077
0 0.107353 0.698362 0.012353 0.022934
0 0.069608 0.695085 0.032157 0.008974
0 0.071471 0.701994 0.030000 0.009402
0 0.074412 0.711467 0.030784 0.012678
0 0.061863 0.723647 0.019020 0.017949
0 0.080294 0.730840 0.017059 0.020370
0 0.099902 0.738746 0.026863 0.017094
0 0.126176 0.736610 0.024118 0.018234
0 0.138235 0.731481 0.019608 0.016239
0 0.112059 0.771225 0.028431 0.014815
0 0.140686 0.798647 0.013137 0.023219
0 0.198627 0.810470 0.014118 0.021510
0 0.233627 0.823148 0.026078 0.014957
0 0.276471 0.756125 0.022745 0.016239
0 0.260098 0.741952 0.014314 0.022934
0 0.259412 0.724644 0.015294 0.021083
0 0.275882 0.729131 0.017255 0.019516
0 0.289020 0.744302 0.016471 0.021083
0 0.305588 0.747009 0.019020 0.020228
0 0.329314 0.758405 0.030000 0.009972
0 0.221569 0.732194 0.016078 0.021083
0 0.296961 0.716595 0.026078 0.011254
0 0.314118 0.718305 0.014118 0.023219
0 0.315000 0.733974 0.024118 0.019516
0 0.327255 0.726781 0.015294 0.021652
0 0.338137 0.726852 0.012353 0.022365
0 0.324118 0.715028 0.014510 0.020655
0 0.320588 0.702635 0.028627 0.010399
0 0.326176 0.695726 0.026863 0.014815
0 0.352941 0.614601 0.024706 0.014957
0 0.375490 0.604487 0.021569 0.017236
0 0.381176 0.612251 0.018824 0.012251
0 0.399804 0.604915 0.028627 0.012108
0 0.451863 0.604915 0.014706 0.020085
0 0.440490 0.602137 0.016667 0.021368
0 0.443333 0.590598 0.027059 0.011111
0 0.445490 0.582265 0.024314 0.013818
0 0.489412 0.578063 0.011765 0.021083
0 0.493529 0.589031 0.024314 0.018519
0 0.476569 0.587037 0.014706 0.021937
0 0.471373 0.579202 0.011765 0.020228
0 0.460686 0.581125 0.010784 0.020085
0 0.468824 0.565456 0.020784 0.016667
0 0.463529 0.560755 0.018824 0.015812
0 0.412059 0.639459 0.013529 0.024786
0 0.446667 0.628490 0.018824 0.021937
0 0.457255 0.627422 0.016471 0.021510
0 0.465392 0.635684 0.023333 0.013533
0 0.492941 0.624430 0.029020 0.014672
0 0.487647 0.617236 0.016863 0.021083
0 0.474118 0.620442 0.018824 0.017521
0 0.481471 0.607906 0.026078 0.012108
0 0.505294 0.611610 0.024706 0.017521
0 0.512353 0.635470 0.024314 0.012251
0 0.536176 0.639886 0.026863 0.016809
0 0.501471 0.652564 0.012745 0.022222
0 0.486176 0.659046 0.020980 0.021510
0 0.477549 0.653205 0.019412 0.020370
0 0.469706 0.650142 0.018235 0.011966
0 0.460784 0.675214 0.010588 0.023077
0 0.470294 0.679701 0.011961 0.023504
0 0.480098 0.679843 0.012745 0.024074
0 0.407745 0.676638 0.022549 0.018519
0 0.419118 0.690385 0.024902 0.014957
0 0.422059 0.697792 0.026863 0.010684
0 0.408824 0.702635 0.020784 0.016667
0 0.394706 0.688248 0.027059 0.012678
0 0.385980 0.692094 0.025294 0.010684
0 0.384706 0.700000 0.028235 0.010541
0 0.440980 0.703134 0.019608 0.019943
0 0.450588 0.705627 0.013333 0.022080
0 0.435000 0.717450 0.017451 0.019801
0 0.446176 0.726781 0.028039 0.016809
0 0.457353 0.713319 0.027647 0.014387
0 0.470980 0.706695 0.028235 0.007977
0 0.481961 0.722080 0.018039 0.016809
0 0.472353 0.739316 0.020784 0.013390
0 0.464804 0.752422 0.017059 0.019373
0 0.898725 0.144160 0.015098 0.020228
0 0.988333 0.157123 0.023333 0.012536
0 0.849608 0.274003 0.027843 0.014103
0 0.870686 0.270014 0.023333 0.014672
0 0.912647 0.285114 0.015098 0.021795
0 0.918627 0.302635 0.013333 0.018946
0 0.929020 0.302920 0.015294 0.019801
0 0.804608 0.343661 0.024902 0.015242
0 0.787549 0.369587 0.016275 0.016952
0 0.782549 0.388390 0.013725 0.023504
0 0.720588 0.383191 0.022353 0.017379
0 0.633529 0.400000 0.028627 0.009972
0 0.629412 0.368661 0.015294 0.019943
0 0.689314 0.442521 0.021765 0.020940
0 0.682059 0.454772 0.028824 0.009544
0 0.675392 0.437464 0.014706 0.019658
0 0.720392 0.437536 0.014902 0.020370
0 0.734314 0.435399 0.021569 0.016667
0 0.736176 0.443519 0.023333 0.016667
0 0.682353 0.479416 0.022353 0.020940
0 0.673824 0.469302 0.014706 0.024359
0 0.646471 0.460826 0.016078 0.022222
0 0.639510 0.444516 0.028431 0.010399
0 0.640588 0.438177 0.025882 0.012536
0 0.630000 0.434972 0.022353 0.015242
0 0.703039 0.504202 0.008824 0.022080
0 0.712451 0.502920 0.011176 0.020655
0 0.611275 0.543519 0.016667 0.021510
0 0.737941 0.559259 0.027647 0.009117
0 0.744118 0.567521 0.028627 0.010826
0 0.545098 0.611895 0.013725 0.019231
0 0.560294 0.602991 0.013922 0.017379
0 0.567059 0.611111 0.016078 0.019373
0 0.575196 0.623077 0.011569 0.019088
0 0.591765 0.613960 0.016078 0.022222
0 0.612353 0.624858 0.021961 0.017521
0 0.617255 0.645655 0.020784 0.020085
0 0.595686 0.654915 0.012941 0.018661
0 0.650294 0.615527 0.022941 0.019088
0 0.661078 0.617806 0.017451 0.018519
0 0.660000 0.630484 0.025882 0.014245
0 0.668529 0.634330 0.022549 0.017664
0 0.693235 0.641738 0.018235 0.017664
0 0.702843 0.659188 0.024902 0.008974
0 0.692059 0.606054 0.027647 0.009544
0 0.703039 0.623789 0.014314 0.020513
0 0.729902 0.615741 0.020196 0.020655
0 0.758137 0.627564 0.027647 0.012108
0 0.770784 0.660043 0.014118 0.021795
0 0.782157 0.656410 0.014510 0.024501
0 0.447451 0.672436 0.019608 0.016952
0 0.443039 0.681125 0.017451 0.020085
0 0.435196 0.684758 0.015882 0.017949
0 0.456863 0.687037 0.021961 0.017094
0 0.504804 0.679772 0.031961 0.008832
0 0.506275 0.688675 0.029020 0.011254
0 0.561569 0.712607 0.020392 0.020370
0 0.563627 0.692806 0.021765 0.011254
0 0.562745 0.703348 0.020392 0.017521
0 0.586176 0.711823 0.030392 0.010256
0 0.575980 0.733405 0.028824 0.010114
0 0.609706 0.732407 0.030000 0.009259
0 0.544118 0.727279 0.016078 0.019516
0 0.526078 0.724359 0.028235 0.014245
0 0.526569 0.732123 0.032353 0.010684
0 0.572647 0.751211 0.020980 0.016667
0 0.583725 0.767593 0.020392 0.016952
0 0.535980 0.762892 0.033529 0.010969
0 0.513039 0.762251 0.016667 0.020798
0 0.490980 0.771581 0.015686 0.022080
0 0.486176 0.761467 0.012353 0.022650
0 0.471765 0.767094 0.018039 0.020513
0 0.474216 0.775997 0.016275 0.022365
0 0.445588 0.774359 0.026863 0.013960
0 0.459314 0.781909 0.012353 0.021083
0 0.457157 0.797151 0.027255 0.013675
0 0.452059 0.802564 0.022941 0.016524
0 0.425588 0.796368 0.028824 0.012108
0 0.495490 0.800499 0.027059 0.011254
0 0.512745 0.799145 0.018431 0.021083
0 0.544608 0.792236 0.011961 0.017806
0 0.559314 0.780769 0.020588 0.014815
0 0.564118 0.792165 0.029804 0.010541
0 0.563725 0.808476 0.014510 0.018661
0 0.564020 0.829202 0.013922 0.023362
0 0.511569 0.831766 0.019216 0.022222
0 0.488039 0.828561 0.029020 0.011538
0 0.489902 0.817236 0.028431 0.012251
0 0.397745 0.810043 0.011569 0.021510
0 0.386667 0.806197 0.010588 0.020370
0 0.369902 0.809259 0.025686 0.008547
0 0.372451 0.817949 0.024902 0.012251
0 0.388137 0.833974 0.017059 0.022080
0 0.348235 0.811823 0.011373 0.021368
0 0.323824 0.797578 0.027647 0.010826
0 0.298039 0.789815 0.016863 0.021510
0 0.330196 0.807621 0.025490 0.012393
0 0.324804 0.814815 0.030392 0.010541
0 0.278431 0.802564 0.022745 0.018519
0 0.292745 0.807764 0.017255 0.020085
0 0.268039 0.818519 0.011765 0.021652
0 0.254216 0.811823 0.022941 0.015954
0 0.257843 0.824573 0.018431 0.016952
0 0.271373 0.833832 0.022353 0.016952
0 0.245196 0.845584 0.013529 0.022507
0 0.289020 0.841382 0.024706 0.017806
0 0.285098 0.857764 0.029804 0.014957
0 0.231275 0.861895 0.028039 0.015812
0 0.220588 0.836681 0.023137 0.019231
0 0.262353 0.877635 0.023922 0.019943
0 0.237059 0.881410 0.025490 0.012678
0 0.262549 0.895726 0.028627 0.014530
0 0.313137 0.896083 0.012941 0.026353
0 0.328137 0.883832 0.026863 0.015527
0 0.333529 0.898789 0.029020 0.015812
0 0.330392 0.906339 0.032157 0.013533
0 0.324608 0.911966 0.031569 0.015670
0 0.278725 0.924644 0.024902 0.021652
0 0.149510 0.909402 0.022941 0.020798
0 0.318235 0.921439 0.034902 0.009544
0 0.340098 0.839744 0.020980 0.019088
0 0.358725 0.856410 0.022941 0.018519
0 0.382941 0.864815 0.026667 0.013105
0 0.393235 0.861681 0.027255 0.014530
0 0.409902 0.851709 0.025686 0.018234
0 0.404510 0.878561 0.020784 0.023504
0 0.381176 0.875000 0.027451 0.009544
0 0.423333 0.897293 0.019216 0.021368
0 0.441373 0.900712 0.033333 0.017379
0 0.445196 0.922080 0.025686 0.018234
0 0.435784 0.926781 0.021373 0.019088
0 0.414608 0.931553 0.019020 0.025214
0 0.297941 0.938034 0.013137 0.023077
0 0.305784 0.943803 0.020588 0.021225
0 0.289412 0.956410 0.011373 0.024501
0 0.295196 0.965171 0.012745 0.023219
0 0.305098 0.959330 0.011765 0.022934
0 0.317549 0.959544 0.018235 0.021937
0 0.312059 0.973006 0.026078 0.010969
0 0.330686 0.958832 0.011176 0.022507
0 0.319216 0.948148 0.016863 0.020513
0 0.353235 0.961966 0.031176 0.011966
0 0.379314 0.945655 0.016667 0.022650
0 0.462255 0.978276 0.027255 0.014103
0 0.493627 0.937749 0.033529 0.010541
0 0.511078 0.918020 0.028431 0.012678
0 0.495294 0.905983 0.030588 0.010256
0 0.466863 0.885969 0.014510 0.022365
0 0.448725 0.865527 0.031961 0.017379
0 0.466275 0.867521 0.017647 0.022507
0 0.477941 0.882479 0.007255 0.026211
0 0.454706 0.882692 0.010196 0.024929
0 0.445196 0.882977 0.011569 0.024359
0 0.518824 0.885399 0.030980 0.019516
0 0.520392 0.869516 0.037255 0.009972
0 0.538529 0.873433 0.020980 0.023789
0 0.555196 0.854843 0.026863 0.017379
0 0.530294 0.902991 0.017451 0.021652
0 0.544510 0.904060 0.017647 0.022080
0 0.550588 0.898860 0.015686 0.021368
0 0.560686 0.897507 0.018627 0.024929
0 0.577647 0.916453 0.022745 0.018946
0 0.559804 0.921011 0.027843 0.012393
0 0.532059 0.928632 0.025294 0.018519
0 0.587941 0.964316 0.028431 0.019231
0 0.611176 0.939459 0.029412 0.010541
0 0.615196 0.925641 0.031961 0.011681
0 0.592255 0.903348 0.017059 0.019516
0 0.581275 0.899074 0.019804 0.017521
0 0.663235 0.943946 0.018235 0.024644
0 0.686373 0.897934 0.033137 0.012678
0 0.612647 0.911111 0.030000 0.013675
0 0.648235 0.735755 0.021176 0.023362
0 0.670392 0.738675 0.011373 0.020655
0 0.686275 0.740313 0.023137 0.021652
0 0.666078 0.756481 0.012941 0.021225
0 0.668824 0.764815 0.025882 0.019088
0 0.648137 0.752707 0.030784 0.014815
0 0.630980 0.757051 0.015686 0.020085
0 0.625490 0.764601 0.022745 0.017521
0 0.645588 0.777279 0.027255 0.013533
0 0.661176 0.783761 0.015686 0.020228
0 0.648922 0.760684 0.028039 0.014815
0 0.646078 0.769373 0.025490 0.011111
0 0.710882 0.764103 0.030784 0.011111
0 0.709118 0.811752 0.026471 0.016952
0 0.661569 0.797934 0.026275 0.015242
0 0.641667 0.792023 0.029608 0.011966
0 0.639510 0.803846 0.022549 0.014530
0 0.822255 0.817806 0.015098 0.021083
0 0.843235 0.827137 0.024902 0.017806
0 0.745588 0.898291 0.034314 0.011681
0 0.968824 0.549786 0.031373 0.020655
0 0.960784 0.750499 0.032157 0.017236
0 0.909412 0.813960 0.030196 0.030199
